vdid,linkid,laneid,lanetype,speed,occupancy,vehicletype,volume,speed2,status,datacollecttime
VD-11-0020-000-01,3000200000027F,0,1,0,0,L,0,,0,2022-01-02 19:21:07
VD-11-0020-000-01,3000200000027F,0,1,0,0,S,0,,0,2022-01-02 19:21:07
VD-11-0020-000-01,3000200000027F,1,1,39.0,24.6,L,0,,0,2022-01-02 19:21:07
VD-11-0020-000-01,3000200000027F,1,1,39.0,24.6,S,16,,0,2022-01-02 19:21:07
VD-11-0020-000-01,3000200000027F,2,1,59.0,4.0,L,0,,0,2022-01-02 19:21:07
VD-11-0020-000-01,3000200000027F,2,1,59.0,4.0,S,10,,0,2022-01-02 19:21:07
VD-11-0020-002-01,3000200000176F,0,1,61.0,15.0,L,0,,0,2022-01-02 19:21:07
VD-11-0020-002-01,3000200000176F,0,1,61.0,15.0,S,29,,0,2022-01-02 19:21:07
VD-11-0020-002-01,3000200000176F,1,1,46.0,7.0,L,1,,0,2022-01-02 19:21:07
VD-11-0020-002-01,3000200000176F,1,1,46.0,7.0,S,15,,0,2022-01-02 19:21:07
VD-11-0020-002-01,3000200000176F,2,1,59.0,1.0,L,0,,0,2022-01-02 19:21:07
VD-11-0020-002-01,3000200000176F,2,1,59.0,1.0,S,2,,0,2022-01-02 19:21:07
VD-11-0020-008-01,3000200000760F,0,1,43.0,1,L,0,,0,2022-01-02 19:21:07
VD-11-0020-008-01,3000200000760F,0,1,43.0,1,S,2,,0,2022-01-02 19:21:07
VD-11-0020-008-01,3000200000760F,1,1,46.0,11.7,L,0,,0,2022-01-02 19:21:07
VD-11-0020-008-01,3000200000760F,1,1,46.0,11.7,S,9,,0,2022-01-02 19:21:07
VD-11-0020-010-01,3000200000971F,0,1,69.5,3.0,L,1,,0,2022-01-02 19:21:07
VD-11-0020-010-01,3000200000971F,0,1,69.5,3.0,S,7,,0,2022-01-02 19:21:07
VD-11-0020-010-01,3000200000971F,1,1,61.0,4.0,L,0,,0,2022-01-02 19:21:07
VD-11-0020-010-01,3000200000971F,1,1,61.0,4.0,S,7,,0,2022-01-02 19:21:07
VD-11-0020-019-01,3000200001756F,0,1,0,0,L,0,,0,2022-01-02 19:21:07
VD-11-0020-019-01,3000200001756F,0,1,0,0,S,0,,0,2022-01-02 19:21:07
VD-11-0020-019-01,3000200001756F,1,1,33.0,1,L,0,,0,2022-01-02 19:21:07
VD-11-0020-019-01,3000200001756F,1,1,33.0,1,S,2,,0,2022-01-02 19:21:07
VD-11-0020-028-01,3000200002824F,0,1,38.0,2.0,L,0,,0,2022-01-02 19:21:07
VD-11-0020-028-01,3000200002824F,0,1,38.0,2.0,S,5,,0,2022-01-02 19:21:07
VD-11-0020-028-01,3000200002824F,1,1,51.0,4.7,L,0,,0,2022-01-02 19:21:07
VD-11-0020-028-01,3000200002824F,1,1,51.0,4.7,S,4,,0,2022-01-02 19:21:07
VD-11-0020-041-01,3000200004096F,0,1,45.0,1,L,0,,0,2022-01-02 19:21:07
VD-11-0020-041-01,3000200004096F,0,1,45.0,1,S,1,,0,2022-01-02 19:21:07
VD-11-0020-041-01,3000200004096F,1,1,54.0,1.0,L,0,,0,2022-01-02 19:21:07
VD-11-0020-041-01,3000200004096F,1,1,54.0,1.0,S,3,,0,2022-01-02 19:21:07
VD-11-0020-041-01,3000200004096F,2,1,56.0,1,L,0,,0,2022-01-02 19:21:07
VD-11-0020-041-01,3000200004096F,2,1,56.0,1,S,1,,0,2022-01-02 19:21:07
VD-11-0020-041-02,3000200004138F,0,1,0,0,L,0,,0,2022-01-02 19:21:07
VD-11-0020-041-02,3000200004138F,0,1,0,0,S,0,,0,2022-01-02 19:21:07
VD-11-0020-041-02,3000200004138F,1,1,63.0,1,L,0,,0,2022-01-02 19:21:07
VD-11-0020-041-02,3000200004138F,1,1,63.0,1,S,4,,0,2022-01-02 19:21:07
VD-11-0020-041-02,3000200004138F,2,1,51.0,1,L,0,,0,2022-01-02 19:21:07
VD-11-0020-041-02,3000200004138F,2,1,51.0,1,S,2,,0,2022-01-02 19:21:07
VD-11-0020-046-01,3000200004490F,0,1,72.0,1,L,0,,0,2022-01-02 19:21:07
VD-11-0020-046-01,3000200004490F,0,1,72.0,1,S,1,,0,2022-01-02 19:21:07
VD-11-0020-046-01,3000200004490F,1,1,0,0,L,0,,0,2022-01-02 19:21:07
VD-11-0020-046-01,3000200004490F,1,1,0,0,S,0,,0,2022-01-02 19:21:07
VD-11-0020-049-01,3000200004959F,0,1,54.0,3.0,L,0,,0,2022-01-02 19:21:07
VD-11-0020-049-01,3000200004959F,0,1,54.0,3.0,S,8,,0,2022-01-02 19:21:07
VD-11-0020-049-01,3000200004959F,1,1,62.0,3.0,L,0,,0,2022-01-02 19:21:07
VD-11-0020-049-01,3000200004959F,1,1,62.0,3.0,S,11,,0,2022-01-02 19:21:07
VD-11-0020-052-01,3000200005195C,0,1,57.0,1,L,0,,0,2022-01-02 19:21:07
VD-11-0020-052-01,3000200005195C,0,1,57.0,1,S,4,,0,2022-01-02 19:21:07
VD-11-0020-052-01,3000200005195C,1,1,58.0,1,L,0,,0,2022-01-02 19:21:07
VD-11-0020-052-01,3000200005195C,1,1,58.0,1,S,2,,0,2022-01-02 19:21:07
VD-11-002B-015-01,3000220101530F,0,1,0,0,L,0,,0,2022-01-02 19:21:07
VD-11-002B-015-01,3000220101530F,0,1,0,0,S,0,,0,2022-01-02 19:21:07
VD-11-002B-015-01,3000220101530F,1,1,20.0,7.0,L,0,,0,2022-01-02 19:21:07
VD-11-002B-015-01,3000220101530F,1,1,20.0,7.0,S,5,,0,2022-01-02 19:21:07
VD-11-002B-018-01,3000220001920F,0,1,58.0,1,L,0,,0,2022-01-02 19:21:07
VD-11-002B-018-01,3000220001920F,0,1,58.0,1,S,2,,0,2022-01-02 19:21:07
VD-11-002B-018-01,3000220001920F,1,1,43.5,5.0,L,4,,0,2022-01-02 19:21:07
VD-11-002B-018-01,3000220001920F,1,1,43.5,5.0,S,8,,0,2022-01-02 19:21:07
VD-11-0090-007-01,3000900000764F,0,1,27.0,3.0,L,0,,0,2022-01-02 19:21:07
VD-11-0090-007-01,3000900000764F,0,1,27.0,3.0,S,6,,0,2022-01-02 19:21:07
VD-11-0090-007-01,3000900000764F,1,1,38.0,1.0,L,1,,0,2022-01-02 19:21:07
VD-11-0090-007-01,3000900000764F,1,1,38.0,1.0,S,0,,0,2022-01-02 19:21:07
VD-11-0090-007-01,3000900000764F,2,1,27.0,1.0,L,0,,0,2022-01-02 19:21:07
VD-11-0090-007-01,3000900000764F,2,1,27.0,1.0,S,1,,0,2022-01-02 19:21:07
VD-11-0090-011-01,3000900001138F,0,1,67.0,5.4,L,1,,0,2022-01-02 19:21:07
VD-11-0090-011-01,3000900001138F,0,1,67.0,5.4,S,5,,0,2022-01-02 19:21:07
VD-11-0090-011-01,3000900001138F,1,1,40.0,1,L,0,,0,2022-01-02 19:21:07
VD-11-0090-011-01,3000900001138F,1,1,40.0,1,S,1,,0,2022-01-02 19:21:07
VD-11-0090-011-02,3000900001138F,0,1,-99,-99,L,-99,,3,2022-01-02 19:21:07
VD-11-0090-011-02,3000900001138F,0,1,-99,-99,S,-99,,3,2022-01-02 19:21:07
VD-11-0090-011-02,3000900001138F,1,1,-99,-99,L,-99,,3,2022-01-02 19:21:07
VD-11-0090-011-02,3000900001138F,1,1,-99,-99,S,-99,,3,2022-01-02 19:21:07
VD-11-0090-011-02,3000900101138F,0,1,-99,-99,L,-99,,3,2022-01-02 19:21:07
VD-11-0090-011-02,3000900101138F,0,1,-99,-99,S,-99,,3,2022-01-02 19:21:07
VD-11-0090-011-02,3000900101138F,1,1,-99,-99,L,-99,,3,2022-01-02 19:21:07
VD-11-0090-011-02,3000900101138F,1,1,-99,-99,S,-99,,3,2022-01-02 19:21:07
VD-11-0090-028-01,3000900002773F,0,1,0,0,L,0,,0,2022-01-02 19:21:07
VD-11-0090-028-01,3000900002773F,0,1,0,0,S,0,,0,2022-01-02 19:21:07
VD-11-0090-037-01,3000900003690F,0,1,54.0,1,L,0,,0,2022-01-02 19:21:07
VD-11-0090-037-01,3000900003690F,0,1,54.0,1,S,2,,0,2022-01-02 19:21:07
VD-11-0090-038-01,3000900003821F,0,1,50.0,4.0,L,0,,0,2022-01-02 19:21:07
VD-11-0090-038-01,3000900003821F,0,1,50.0,4.0,S,15,,0,2022-01-02 19:21:07
VD-12-0013-013-01,3000100001345F,0,1,32.0,3.0,L,0,,0,2022-01-02 19:21:07
VD-12-0013-013-01,3000100001345F,0,1,32.0,3.0,S,6,,0,2022-01-02 19:21:07
VD-12-0013-013-01,3000100001345F,1,1,45.0,8.0,L,2,,0,2022-01-02 19:21:07
VD-12-0013-013-01,3000100001345F,1,1,45.0,8.0,S,20,,0,2022-01-02 19:21:07
VD-12-0013-013-01,3000100001345F,2,1,53.0,2.0,L,2,,0,2022-01-02 19:21:07
VD-12-0013-013-01,3000100001345F,2,1,53.0,2.0,S,4,,0,2022-01-02 19:21:07
VD-12-001A-004-01,3000110000508F,0,1,-99,-99,L,-99,,3,2022-01-02 19:21:07
VD-12-001A-004-01,3000110000508F,0,1,-99,-99,S,-99,,3,2022-01-02 19:21:07
VD-12-001A-004-01,3000110000508F,1,1,-99,-99,L,-99,,3,2022-01-02 19:21:07
VD-12-001A-004-01,3000110000508F,1,1,-99,-99,S,-99,,3,2022-01-02 19:21:07
VD-12-001A-004-01,3000110100504F,0,1,-99,-99,L,-99,,3,2022-01-02 19:21:07
VD-12-001A-004-01,3000110100504F,0,1,-99,-99,S,-99,,3,2022-01-02 19:21:07
VD-12-001A-004-01,3000110100504F,1,1,-99,-99,L,-99,,3,2022-01-02 19:21:07
VD-12-001A-004-01,3000110100504F,1,1,-99,-99,S,-99,,3,2022-01-02 19:21:07
VD-12-001A-006-01,3000110000583F,0,1,0,0,L,0,,0,2022-01-02 19:21:07
VD-12-001A-006-01,3000110000583F,0,1,0,0,S,0,,0,2022-01-02 19:21:07
VD-12-001A-006-01,3000110000583F,1,1,0,0,L,0,,0,2022-01-02 19:21:07
VD-12-001A-006-01,3000110000583F,1,1,0,0,S,0,,0,2022-01-02 19:21:07
VD-12-001A-009-01,3000110100940F,0,1,-99,-99,L,-99,,3,2022-01-02 19:21:07
VD-12-001A-009-01,3000110100940F,0,1,-99,-99,S,-99,,3,2022-01-02 19:21:07
VD-12-001A-009-01,3000110100940F,1,1,-99,-99,L,-99,,3,2022-01-02 19:21:07
VD-12-001A-009-01,3000110100940F,1,1,-99,-99,S,-99,,3,2022-01-02 19:21:07
VD-12-0030-018-01,3000300101766F,0,1,33.5,13.0,L,3,,0,2022-01-02 19:21:07
VD-12-0030-018-01,3000300101766F,0,1,33.5,13.0,S,10,,0,2022-01-02 19:21:07
VD-12-0030-019-01,3000300001862F,0,1,39.0,5.0,L,0,,0,2022-01-02 19:21:07
VD-12-0030-019-01,3000300001862F,0,1,39.0,5.0,S,11,,0,2022-01-02 19:21:07
VD-12-0030-019-01,3000300001862F,1,1,0,0,L,0,,0,2022-01-02 19:21:07
VD-12-0030-019-01,3000300001862F,1,1,0,0,S,0,,0,2022-01-02 19:21:07
VD-12-0030-022-01,3000300002164F,0,1,38.0,1,L,0,,0,2022-01-02 19:21:07
VD-12-0030-022-01,3000300002164F,0,1,38.0,1,S,1,,0,2022-01-02 19:21:07
VD-12-0030-022-01,3000300002164F,1,1,43.0,1.0,L,0,,0,2022-01-02 19:21:07
VD-12-0030-022-01,3000300002164F,1,1,43.0,1.0,S,3,,0,2022-01-02 19:21:07
VD-12-0030-026-01,3000300002550F,0,1,48.0,5.0,L,0,,0,2022-01-02 19:21:07
VD-12-0030-026-01,3000300002550F,0,1,48.0,5.0,S,4,,0,2022-01-02 19:21:07
VD-12-0030-026-01,3000300002550F,1,1,0,0,L,0,,0,2022-01-02 19:21:07
VD-12-0030-026-01,3000300002550F,1,1,0,0,S,0,,0,2022-01-02 19:21:07
VD-12-007B-000-01,3000720000000F,0,1,36.0,8.0,L,0,,0,2022-01-02 19:21:07
VD-12-007B-000-01,3000720000000F,0,1,36.0,8.0,S,16,,0,2022-01-02 19:21:07
VD-12-007B-000-02,3000720000000F,0,1,-99,-99,L,-99,,3,2022-01-02 19:21:07
VD-12-007B-000-02,3000720000000F,0,1,-99,-99,S,-99,,3,2022-01-02 19:21:07
VD-12-007B-000-02,3000720100000F,0,1,-99,-99,L,-99,,3,2022-01-02 19:21:07
VD-12-007B-000-02,3000720100000F,0,1,-99,-99,S,-99,,3,2022-01-02 19:21:07
VD-12-007B-004-01,3000720000300F,0,1,50.0,18.0,L,0,,0,2022-01-02 19:21:07
VD-12-007B-004-01,3000720000300F,0,1,50.0,18.0,S,15,,0,2022-01-02 19:21:07
VD-12-009A-000-01,3000910000005F,0,1,33.0,1,L,0,,0,2022-01-02 19:21:07
VD-12-009A-000-01,3000910000005F,0,1,33.0,1,S,1,,0,2022-01-02 19:21:07
VD-12-009A-001-01,3000910000138F,0,1,44.0,4.1,L,0,,0,2022-01-02 19:21:07
VD-12-009A-001-01,3000910000138F,0,1,44.0,4.1,S,3,,0,2022-01-02 19:21:07
VD-12-009A-006-01,3000910000635F,0,1,48.0,1,L,0,,0,2022-01-02 19:21:07
VD-12-009A-006-01,3000910000635F,0,1,48.0,1,S,2,,0,2022-01-02 19:21:07
VD-12-0150-003-01,3001500000391F,0,1,-99,-99,L,-99,,3,2022-01-02 19:21:07
VD-12-0150-003-01,3001500000391F,0,1,-99,-99,S,-99,,3,2022-01-02 19:21:07
VD-12-0150-003-01,3001500000391F,1,1,-99,-99,L,-99,,3,2022-01-02 19:21:07
VD-12-0150-003-01,3001500000391F,1,1,-99,-99,S,-99,,3,2022-01-02 19:21:07
VD-12-0150-003-01,3001500100291F,0,1,-99,-99,L,-99,,3,2022-01-02 19:21:07
VD-12-0150-003-01,3001500100291F,0,1,-99,-99,S,-99,,3,2022-01-02 19:21:07
VD-12-0150-003-01,3001500100291F,1,1,-99,-99,L,-99,,3,2022-01-02 19:21:07
VD-12-0150-003-01,3001500100291F,1,1,-99,-99,S,-99,,3,2022-01-02 19:21:07
VD-12-0150-010-01,3001500000988F,0,1,20.0,1,L,0,,0,2022-01-02 19:21:07
VD-12-0150-010-01,3001500000988F,0,1,20.0,1,S,1,,0,2022-01-02 19:21:07
VD-12-0150-010-01,3001500000988F,1,1,0,0,L,0,,0,2022-01-02 19:21:07
VD-12-0150-010-01,3001500000988F,1,1,0,0,S,0,,0,2022-01-02 19:21:07
VD-12-0150-010-01,3001500000988F,2,1,0,0,L,0,,0,2022-01-02 19:21:07
VD-12-0150-010-01,3001500000988F,2,1,0,0,S,0,,0,2022-01-02 19:21:07
VD-12-0610-001-01,1006110000050F,0,1,-99,-99,L,-99,,3,2022-01-02 19:21:07
VD-12-0610-001-01,1006110000050F,0,1,-99,-99,S,-99,,3,2022-01-02 19:21:07
VD-12-0610-013-01,1006100101300F,0,1,92.0,6.5,L,0,,0,2022-01-02 19:21:07
VD-12-0610-013-01,1006100101300F,0,1,92.0,6.5,S,10,,0,2022-01-02 19:21:07
VD-12-0610-015-01,1006100101500F,0,1,86.5,6.0,L,1,,0,2022-01-02 19:21:07
VD-12-0610-015-01,1006100101500F,0,1,86.5,6.0,S,21,,0,2022-01-02 19:21:07
VD-12-0610-015-01,1006100101500F,1,1,91.0,1,L,0,,0,2022-01-02 19:21:07
VD-12-0610-015-01,1006100101500F,1,1,91.0,1,S,2,,0,2022-01-02 19:21:07
VD-12-061A-002-01,1006110100200F,0,1,-99,-99,L,-99,,3,2022-01-02 19:21:07
VD-12-061A-002-01,1006110100200F,0,1,-99,-99,S,-99,,3,2022-01-02 19:21:07
VD-12-061A-002-01,1006110100200F,1,1,-99,-99,L,-99,,3,2022-01-02 19:21:07
VD-12-061A-002-01,1006110100200F,1,1,-99,-99,S,-99,,3,2022-01-02 19:21:07
VD-12-0640-001-01,1006400000100F,0,1,33.0,55.0,L,0,,0,2022-01-02 19:21:07
VD-12-0640-001-01,1006400000100F,0,1,33.0,55.0,S,26,,0,2022-01-02 19:21:07
VD-12-0640-001-02,1006400100100F,0,1,79.0,3.0,L,0,,0,2022-01-02 19:21:07
VD-12-0640-001-02,1006400100100F,0,1,79.0,3.0,S,4,,0,2022-01-02 19:21:07
VD-12-0640-001-03,1006400000100F,0,1,83.0,1.0,L,0,,0,2022-01-02 19:21:07
VD-12-0640-001-03,1006400000100F,0,1,83.0,1.0,S,2,,0,2022-01-02 19:21:07
VD-12-0640-001-03,1006400000100F,1,1,86.0,2.0,L,1,,0,2022-01-02 19:21:07
VD-12-0640-001-03,1006400000100F,1,1,86.0,2.0,S,1,,0,2022-01-02 19:21:07
VD-12-0640-001-04,1006400100160F,0,1,103.0,1.0,L,0,,0,2022-01-02 19:21:07
VD-12-0640-001-04,1006400100160F,0,1,103.0,1.0,S,2,,0,2022-01-02 19:21:07
VD-12-0640-001-04,1006400100160F,1,1,91.0,1.0,L,0,,0,2022-01-02 19:21:07
VD-12-0640-001-04,1006400100160F,1,1,91.0,1.0,S,4,,0,2022-01-02 19:21:07
VD-12-0640-002-01,1006400000200F,0,1,78.0,2.0,L,0,,0,2022-01-02 19:21:07
VD-12-0640-002-01,1006400000200F,0,1,78.0,2.0,S,8,,0,2022-01-02 19:21:07
VD-12-0640-002-01,1006400000200F,1,1,78.0,5.0,L,2,,0,2022-01-02 19:21:07
VD-12-0640-002-01,1006400000200F,1,1,78.0,5.0,S,9,,0,2022-01-02 19:21:07
VD-12-0640-002-02,1006400100200F,0,1,70.0,2.0,L,0,,0,2022-01-02 19:21:07
VD-12-0640-002-02,1006400100200F,0,1,70.0,2.0,S,3,,0,2022-01-02 19:21:07
VD-12-0640-002-02,1006400100200F,1,1,61.0,4.9,L,0,,0,2022-01-02 19:21:07
VD-12-0640-002-02,1006400100200F,1,1,61.0,4.9,S,5,,0,2022-01-02 19:21:07
VD-12-0640-005-01,1006400100540F,0,1,88.0,2.0,L,0,,0,2022-01-02 19:21:07
VD-12-0640-005-01,1006400100540F,0,1,88.0,2.0,S,3,,0,2022-01-02 19:21:07
VD-12-0640-005-01,1006400100540F,1,1,74.0,3.0,L,0,,0,2022-01-02 19:21:07
VD-12-0640-005-01,1006400100540F,1,1,74.0,3.0,S,4,,0,2022-01-02 19:21:07
VD-12-0640-005-02,1006400000540F,0,1,86.0,5.0,L,0,,0,2022-01-02 19:21:07
VD-12-0640-005-02,1006400000540F,0,1,86.0,5.0,S,11,,0,2022-01-02 19:21:07
VD-12-0640-005-02,1006400000540F,1,1,64.0,2.0,L,0,,0,2022-01-02 19:21:07
VD-12-0640-005-02,1006400000540F,1,1,64.0,2.0,S,5,,0,2022-01-02 19:21:07
VD-12-0640-006-01,1006400000600F,0,1,46.0,5.0,L,0,,0,2022-01-02 19:21:07
VD-12-0640-006-01,1006400000600F,0,1,46.0,5.0,S,4,,0,2022-01-02 19:21:07
VD-12-0640-006-02,1006400000580F,0,1,72.0,1,L,0,,0,2022-01-02 19:21:07
VD-12-0640-006-02,1006400000580F,0,1,72.0,1,S,1,,0,2022-01-02 19:21:07
VD-12-0640-006-03,1006401103020F,0,1,56.0,1.0,L,0,,0,2022-01-02 19:21:07
VD-12-0640-006-03,1006401103020F,0,1,56.0,1.0,S,1,,0,2022-01-02 19:21:07
VD-12-0640-006-04,1006400100600F,0,1,69.0,1.0,L,0,,0,2022-01-02 19:21:07
VD-12-0640-006-04,1006400100600F,0,1,69.0,1.0,S,1,,0,2022-01-02 19:21:07
VD-12-0640-006-05,1006401103040F,0,1,100.5,4.0,L,1,,0,2022-01-02 19:21:07
VD-12-0640-006-05,1006401103040F,0,1,100.5,4.0,S,5,,0,2022-01-02 19:21:07
VD-12-0640-006-05,1006401103040F,1,1,98.0,7.0,L,2,,0,2022-01-02 19:21:07
VD-12-0640-006-05,1006401103040F,1,1,98.0,7.0,S,6,,0,2022-01-02 19:21:07
VD-12-0640-006-06,1006400000600F,0,1,88.0,3.0,L,0,,0,2022-01-02 19:21:07
VD-12-0640-006-06,1006400000600F,0,1,88.0,3.0,S,11,,0,2022-01-02 19:21:07
VD-12-0640-006-06,1006400000600F,1,1,87.0,5.0,L,1,,0,2022-01-02 19:21:07
VD-12-0640-006-06,1006400000600F,1,1,87.0,5.0,S,7,,0,2022-01-02 19:21:07
VD-12-0640-008-01,1006400100700F,0,1,96.0,3.0,L,0,,0,2022-01-02 19:21:07
VD-12-0640-008-01,1006400100700F,0,1,96.0,3.0,S,6,,0,2022-01-02 19:21:07
VD-12-0640-008-01,1006400100700F,1,1,75.0,1.0,L,0,,0,2022-01-02 19:21:07
VD-12-0640-008-01,1006400100700F,1,1,75.0,1.0,S,3,,0,2022-01-02 19:21:07
VD-12-0640-008-02,1006400000800F,0,1,101.0,4.0,L,0,,0,2022-01-02 19:21:07
VD-12-0640-008-02,1006400000800F,0,1,101.0,4.0,S,10,,0,2022-01-02 19:21:07
VD-12-0640-008-02,1006400000800F,1,1,67.0,2.0,L,0,,0,2022-01-02 19:21:07
VD-12-0640-008-02,1006400000800F,1,1,67.0,2.0,S,5,,0,2022-01-02 19:21:07
VD-12-0640-010-01,1006400001000F,0,1,46.5,15.0,L,1,,0,2022-01-02 19:21:07
VD-12-0640-010-01,1006400001000F,0,1,46.5,15.0,S,11,,0,2022-01-02 19:21:07
VD-12-0640-010-02,1006401004030F,0,1,61.0,4.0,L,0,,0,2022-01-02 19:21:07
VD-12-0640-010-02,1006401004030F,0,1,61.0,4.0,S,4,,0,2022-01-02 19:21:07
VD-12-0640-010-03,1006401104000F,0,1,81.0,1,L,0,,0,2022-01-02 19:21:07
VD-12-0640-010-03,1006401104000F,0,1,81.0,1,S,1,,0,2022-01-02 19:21:07
VD-12-0640-010-04,1006401104000F,0,1,80.0,1,L,0,,0,2022-01-02 19:21:07
VD-12-0640-010-04,1006401104000F,0,1,80.0,1,S,1,,0,2022-01-02 19:21:07
VD-12-0640-010-06,1006400001000F,0,1,91.0,6.0,L,0,,0,2022-01-02 19:21:07
VD-12-0640-010-06,1006400001000F,0,1,91.0,6.0,S,9,,0,2022-01-02 19:21:07
VD-12-0640-010-06,1006400001000F,1,1,72.0,9.0,L,1,,0,2022-01-02 19:21:07
VD-12-0640-010-06,1006400001000F,1,1,72.0,9.0,S,14,,0,2022-01-02 19:21:07
VD-12-0640-011-01,1006401005100F,0,1,74.0,7.0,L,1,,0,2022-01-02 19:21:07
VD-12-0640-011-01,1006401005100F,0,1,74.0,7.0,S,7,,0,2022-01-02 19:21:07
VD-12-0640-011-02,1006401005100F,0,1,66.0,2.0,L,0,,0,2022-01-02 19:21:07
VD-12-0640-011-02,1006401005100F,0,1,66.0,2.0,S,2,,0,2022-01-02 19:21:07
VD-12-0640-011-03,1006400101110F,0,1,54.0,5.0,L,0,,0,2022-01-02 19:21:07
VD-12-0640-011-03,1006400101110F,0,1,54.0,5.0,S,4,,0,2022-01-02 19:21:07
VD-12-0640-011-04,1006401005000F,0,1,59.0,17.0,L,0,,0,2022-01-02 19:21:07
VD-12-0640-011-04,1006401005000F,0,1,59.0,17.0,S,16,,0,2022-01-02 19:21:07
VD-12-0640-011-05,1006400001120F,0,1,43.0,7.0,L,0,,0,2022-01-02 19:21:07
VD-12-0640-011-05,1006400001120F,0,1,43.0,7.0,S,5,,0,2022-01-02 19:21:07
VD-12-0640-011-06,1006401105040F,0,1,72.0,5.0,L,0,,0,2022-01-02 19:21:07
VD-12-0640-011-06,1006401105040F,0,1,72.0,5.0,S,6,,0,2022-01-02 19:21:07
VD-12-0640-011-07,1006401005080F,0,1,38.0,30.0,L,1,,0,2022-01-02 19:21:07
VD-12-0640-011-07,1006401005080F,0,1,38.0,30.0,S,18,,0,2022-01-02 19:21:07
VD-12-0640-011-08,1006401005010F,0,1,58.0,4.0,L,0,,0,2022-01-02 19:21:07
VD-12-0640-011-08,1006401005010F,0,1,58.0,4.0,S,4,,0,2022-01-02 19:21:07
VD-12-0640-011-09,1006401005040F,0,1,47.0,13.0,L,0,,0,2022-01-02 19:21:07
VD-12-0640-011-09,1006401005040F,0,1,47.0,13.0,S,9,,0,2022-01-02 19:21:07
VD-12-0640-011-10,1006401005040F,0,1,59.0,17.0,L,1,,0,2022-01-02 19:21:07
VD-12-0640-011-10,1006401005040F,0,1,59.0,17.0,S,16,,0,2022-01-02 19:21:07
VD-12-0640-011-10,1006401005040F,1,1,71.0,7.0,L,0,,0,2022-01-02 19:21:07
VD-12-0640-011-10,1006401005040F,1,1,71.0,7.0,S,8,,0,2022-01-02 19:21:07
VD-12-0640-011-11,1006401105040F,0,1,54.0,1.0,L,0,,0,2022-01-02 19:21:07
VD-12-0640-011-11,1006401105040F,0,1,54.0,1.0,S,1,,0,2022-01-02 19:21:07
VD-12-0640-011-12,1006401105030F,0,1,0,0,L,0,,0,2022-01-02 19:21:07
VD-12-0640-011-12,1006401105030F,0,1,0,0,S,0,,0,2022-01-02 19:21:07
VD-12-0640-011-13,1006401105000F,0,1,67.0,20.0,L,0,,0,2022-01-02 19:21:07
VD-12-0640-011-13,1006401105000F,0,1,67.0,20.0,S,23,,0,2022-01-02 19:21:07
VD-12-0640-011-14,1006401105010F,0,1,65.0,17.0,L,1,,0,2022-01-02 19:21:07
VD-12-0640-011-14,1006401105010F,0,1,65.0,17.0,S,18,,0,2022-01-02 19:21:07
VD-12-0640-011-15,1006401105050F,0,1,99.0,1.0,L,0,,0,2022-01-02 19:21:07
VD-12-0640-011-15,1006401105050F,0,1,99.0,1.0,S,2,,0,2022-01-02 19:21:07
VD-12-0640-011-15,1006401105050F,1,1,74.0,4.0,L,0,,0,2022-01-02 19:21:07
VD-12-0640-011-15,1006401105050F,1,1,74.0,4.0,S,7,,0,2022-01-02 19:21:07
VD-12-0640-012-01,1006400001120F,0,1,90.0,3.0,L,0,,0,2022-01-02 19:21:07
VD-12-0640-012-01,1006400001120F,0,1,90.0,3.0,S,10,,0,2022-01-02 19:21:07
VD-12-0640-012-01,1006400001120F,1,1,64.0,1.0,L,0,,0,2022-01-02 19:21:07
VD-12-0640-012-01,1006400001120F,1,1,64.0,1.0,S,2,,0,2022-01-02 19:21:07
VD-12-0640-013-01,1006400101300F,0,1,88.0,2.0,L,0,,0,2022-01-02 19:21:07
VD-12-0640-013-01,1006400101300F,0,1,88.0,2.0,S,8,,0,2022-01-02 19:21:07
VD-12-0640-013-01,1006400101300F,1,1,80.0,7.0,L,4,,0,2022-01-02 19:21:07
VD-12-0640-013-01,1006400101300F,1,1,80.0,7.0,S,32,,0,2022-01-02 19:21:07
VD-12-0640-013-02,1006400001300F,0,1,78.0,6.0,L,0,,0,2022-01-02 19:21:07
VD-12-0640-013-02,1006400001300F,0,1,78.0,6.0,S,17,,0,2022-01-02 19:21:07
VD-12-0640-013-02,1006400001300F,1,1,67.0,7.0,L,1,,0,2022-01-02 19:21:07
VD-12-0640-013-02,1006400001300F,1,1,67.0,7.0,S,15,,0,2022-01-02 19:21:07
VD-12-0640-014-01,1006401106030F,0,1,72.0,3.0,L,0,,0,2022-01-02 19:21:07
VD-12-0640-014-01,1006401106030F,0,1,72.0,3.0,S,4,,0,2022-01-02 19:21:07
VD-12-0640-014-02,1006400101500F,0,1,68.5,6.0,L,1,,0,2022-01-02 19:21:07
VD-12-0640-014-02,1006400101500F,0,1,68.5,6.0,S,5,,0,2022-01-02 19:21:07
VD-12-0640-014-03,1006400101400F,0,1,93.0,2.0,L,0,,0,2022-01-02 19:21:07
VD-12-0640-014-03,1006400101400F,0,1,93.0,2.0,S,6,,0,2022-01-02 19:21:07
VD-12-0640-014-03,1006400101400F,1,1,69.0,2.0,L,0,,0,2022-01-02 19:21:07
VD-12-0640-014-03,1006400101400F,1,1,69.0,2.0,S,9,,0,2022-01-02 19:21:07
VD-12-0640-015-01,1006400001500F,0,1,64.0,18.8,L,0,,0,2022-01-02 19:21:07
VD-12-0640-015-01,1006400001500F,0,1,64.0,18.8,S,20,,0,2022-01-02 19:21:07
VD-12-0640-015-01,1006400001500F,1,1,70.0,8.6,L,0,,0,2022-01-02 19:21:07
VD-12-0640-015-01,1006400001500F,1,1,70.0,8.6,S,10,,0,2022-01-02 19:21:07
VD-12-0640-016-01,1006400001760F,0,1,72.0,8.0,L,0,,0,2022-01-02 19:21:07
VD-12-0640-016-01,1006400001760F,0,1,72.0,8.0,S,9,,0,2022-01-02 19:21:07
VD-12-0640-016-02,1006401007000F,0,1,64.0,14.0,L,0,,0,2022-01-02 19:21:07
VD-12-0640-016-02,1006401007000F,0,1,64.0,14.0,S,13,,0,2022-01-02 19:21:07
VD-12-0640-016-03,1006400101600F,0,1,73.0,14.0,L,0,,0,2022-01-02 19:21:07
VD-12-0640-016-03,1006400101600F,0,1,73.0,14.0,S,15,,0,2022-01-02 19:21:07
VD-12-0640-016-04,1006400001600F,0,1,72.0,6.0,L,0,,0,2022-01-02 19:21:07
VD-12-0640-016-04,1006400001600F,0,1,72.0,6.0,S,10,,0,2022-01-02 19:21:07
VD-12-0640-016-04,1006400001600F,1,1,78.0,7.0,L,0,,0,2022-01-02 19:21:07
VD-12-0640-016-04,1006400001600F,1,1,78.0,7.0,S,13,,0,2022-01-02 19:21:07
VD-12-0640-016-05,1006400101600F,0,1,99.0,12.0,L,2,,0,2022-01-02 19:21:07
VD-12-0640-016-05,1006400101600F,0,1,99.0,12.0,S,13,,0,2022-01-02 19:21:07
VD-12-0640-017-01,1006400101750F,0,1,79.0,8.0,L,0,,0,2022-01-02 19:21:07
VD-12-0640-017-01,1006400101750F,0,1,79.0,8.0,S,11,,0,2022-01-02 19:21:07
VD-12-0640-018-01,1006400001900F,0,1,76.0,5.0,L,0,,0,2022-01-02 19:21:07
VD-12-0640-018-01,1006400001900F,0,1,76.0,5.0,S,6,,0,2022-01-02 19:21:07
VD-12-0640-018-02,1006400001900F,0,1,63.0,2.0,L,0,,0,2022-01-02 19:21:07
VD-12-0640-018-02,1006400001900F,0,1,63.0,2.0,S,2,,0,2022-01-02 19:21:07
VD-12-0640-018-03,1006400001800F,0,1,72.0,1.0,L,0,,0,2022-01-02 19:21:07
VD-12-0640-018-03,1006400001800F,0,1,72.0,1.0,S,2,,0,2022-01-02 19:21:07
VD-12-0640-018-03,1006400001800F,1,1,67.0,12.5,L,0,,0,2022-01-02 19:21:07
VD-12-0640-018-03,1006400001800F,1,1,67.0,12.5,S,14,,0,2022-01-02 19:21:07
VD-12-0640-019-01,1006400001900F,0,1,74.0,4.0,L,0,,0,2022-01-02 19:21:07
VD-12-0640-019-01,1006400001900F,0,1,74.0,4.0,S,12,,0,2022-01-02 19:21:07
VD-12-0640-019-01,1006400001900F,1,1,64.0,5.0,L,1,,0,2022-01-02 19:21:07
VD-12-0640-019-01,1006400001900F,1,1,64.0,5.0,S,10,,0,2022-01-02 19:21:07
VD-12-0640-019-02,1006400101950F,0,1,63.0,1.0,L,0,,0,2022-01-02 19:21:07
VD-12-0640-019-02,1006400101950F,0,1,63.0,1.0,S,3,,0,2022-01-02 19:21:07
VD-12-0640-019-02,1006400101950F,1,1,69.0,1.0,L,0,,0,2022-01-02 19:21:07
VD-12-0640-019-02,1006400101950F,1,1,69.0,1.0,S,3,,0,2022-01-02 19:21:07
VD-12-0640-020-01,1006400002020F,0,1,47.0,9.0,L,0,,0,2022-01-02 19:21:07
VD-12-0640-020-01,1006400002020F,0,1,47.0,9.0,S,7,,0,2022-01-02 19:21:07
VD-12-0640-020-02,1006400002020F,0,1,67.5,17.0,L,5,,0,2022-01-02 19:21:07
VD-12-0640-020-02,1006400002020F,0,1,67.5,17.0,S,11,,0,2022-01-02 19:21:07
VD-12-0640-020-03,1006400002020F,0,1,62.0,1.0,L,0,,0,2022-01-02 19:21:07
VD-12-0640-020-03,1006400002020F,0,1,62.0,1.0,S,3,,0,2022-01-02 19:21:07
VD-12-0640-020-03,1006400002020F,1,1,69.0,1.0,L,0,,0,2022-01-02 19:21:07
VD-12-0640-020-03,1006400002020F,1,1,69.0,1.0,S,2,,0,2022-01-02 19:21:07
VD-12-0640-020-04,1006400002020F,0,1,72.0,7.0,L,0,,0,2022-01-02 19:21:07
VD-12-0640-020-04,1006400002020F,0,1,72.0,7.0,S,13,,0,2022-01-02 19:21:07
VD-12-0640-020-04,1006400002020F,1,1,70.0,1.0,L,0,,0,2022-01-02 19:21:07
VD-12-0640-020-04,1006400002020F,1,1,70.0,1.0,S,3,,0,2022-01-02 19:21:07
VD-12-0640-020-05,1006400002060F,0,1,83.0,8.7,L,0,,0,2022-01-02 19:21:07
VD-12-0640-020-05,1006400002060F,0,1,83.0,8.7,S,12,,0,2022-01-02 19:21:07
VD-12-0640-020-05,1006400002060F,1,1,88.0,1.0,L,0,,0,2022-01-02 19:21:07
VD-12-0640-020-05,1006400002060F,1,1,88.0,1.0,S,2,,0,2022-01-02 19:21:07
VD-12-0640-021-01,1006400002100F,0,1,0,0,L,0,,0,2022-01-02 19:21:07
VD-12-0640-021-01,1006400002100F,0,1,0,0,S,0,,0,2022-01-02 19:21:07
VD-12-0640-021-01,1006401108020F,0,1,0,0,L,0,,0,2022-01-02 19:21:07
VD-12-0640-021-01,1006401108020F,0,1,0,0,S,0,,0,2022-01-02 19:21:07
VD-12-0640-021-02,1006401108000F,0,1,61.0,6.0,L,0,,0,2022-01-02 19:21:07
VD-12-0640-021-02,1006401108000F,0,1,61.0,6.0,S,6,,0,2022-01-02 19:21:07
VD-12-0640-021-02,1006401108000F,1,1,53.0,5.0,L,0,,0,2022-01-02 19:21:07
VD-12-0640-021-02,1006401108000F,1,1,53.0,5.0,S,5,,0,2022-01-02 19:21:07
VD-12-0640-021-03,1006400102100F,0,1,84.0,5.0,L,0,,0,2022-01-02 19:21:07
VD-12-0640-021-03,1006400102100F,0,1,84.0,5.0,S,7,,0,2022-01-02 19:21:07
VD-12-0640-021-03,1006400102100F,1,1,84.0,3.0,L,0,,0,2022-01-02 19:21:07
VD-12-0640-021-03,1006400102100F,1,1,84.0,3.0,S,10,,0,2022-01-02 19:21:07
VD-12-0640-021-04,1006400002150F,0,1,54.0,30.0,L,0,,0,2022-01-02 19:21:07
VD-12-0640-021-04,1006400002150F,0,1,54.0,30.0,S,26,,0,2022-01-02 19:21:07
VD-12-0640-021-04,1006400002150F,1,1,60.0,24.0,L,0,,0,2022-01-02 19:21:07
VD-12-0640-021-04,1006400002150F,1,1,60.0,24.0,S,23,,0,2022-01-02 19:21:07
VD-12-0640-022-01,1006400102200F,0,1,56.0,13.0,L,0,,0,2022-01-02 19:21:07
VD-12-0640-022-01,1006400102200F,0,1,56.0,13.0,S,11,,0,2022-01-02 19:21:07
VD-12-0640-022-02,1006400002200F,0,1,73.0,4.0,L,0,,0,2022-01-02 19:21:07
VD-12-0640-022-02,1006400002200F,0,1,73.0,4.0,S,6,,0,2022-01-02 19:21:07
VD-12-0640-022-03,1006400102200F,0,1,70.0,12.0,L,1,,0,2022-01-02 19:21:07
VD-12-0640-022-03,1006400102200F,0,1,70.0,12.0,S,18,,0,2022-01-02 19:21:07
VD-12-0640-022-03,1006400102200F,1,1,77.0,21.0,L,5,,0,2022-01-02 19:21:07
VD-12-0640-022-03,1006400102200F,1,1,77.0,21.0,S,27,,0,2022-01-02 19:21:07
VD-12-0640-022-04,1006400002260F,0,1,81.0,4.0,L,2,,0,2022-01-02 19:21:07
VD-12-0640-022-04,1006400002260F,0,1,81.0,4.0,S,14,,0,2022-01-02 19:21:07
VD-12-0640-022-04,1006400002260F,1,1,91.0,3.0,L,0,,0,2022-01-02 19:21:07
VD-12-0640-022-04,1006400002260F,1,1,91.0,3.0,S,12,,0,2022-01-02 19:21:07
VD-12-0640-023-01,1006400002390F,0,1,67.0,19.0,L,0,,0,2022-01-02 19:21:07
VD-12-0640-023-01,1006400002390F,0,1,67.0,19.0,S,20,,0,2022-01-02 19:21:07
VD-12-0640-023-02,1006400102300F,0,1,57.0,24.0,L,0,,0,2022-01-02 19:21:07
VD-12-0640-023-02,1006400102300F,0,1,57.0,24.0,S,20,,0,2022-01-02 19:21:07
VD-12-0640-023-03,1006400102300F,0,1,61.0,9.0,L,1,,0,2022-01-02 19:21:07
VD-12-0640-023-03,1006400102300F,0,1,61.0,9.0,S,21,,0,2022-01-02 19:21:07
VD-12-0640-023-03,1006400102300F,1,1,48.0,5.0,L,0,,0,2022-01-02 19:21:07
VD-12-0640-023-03,1006400102300F,1,1,48.0,5.0,S,12,,0,2022-01-02 19:21:07
VD-12-0640-023-04,1006400102300F,0,1,82.0,11.7,L,16,,0,2022-01-02 19:21:07
VD-12-0640-023-04,1006400102300F,0,1,82.0,11.7,S,0,,0,2022-01-02 19:21:07
VD-12-0640-023-04,1006400102300F,1,1,78.0,6.2,L,0,,0,2022-01-02 19:21:07
VD-12-0640-023-04,1006400102300F,1,1,78.0,6.2,S,8,,0,2022-01-02 19:21:07
VD-12-0640-024-01,1006400002400F,0,1,67.0,8.0,L,2,,0,2022-01-02 19:21:07
VD-12-0640-024-01,1006400002400F,0,1,67.0,8.0,S,16,,0,2022-01-02 19:21:07
VD-12-0640-024-01,1006400002400F,1,1,74.0,4.0,L,0,,0,2022-01-02 19:21:07
VD-12-0640-024-01,1006400002400F,1,1,74.0,4.0,S,7,,0,2022-01-02 19:21:07
VD-12-0640-025-01,1006400002510F,0,1,48.0,26.0,L,0,,0,2022-01-02 19:21:07
VD-12-0640-025-01,1006400002510F,0,1,48.0,26.0,S,17,,0,2022-01-02 19:21:07
VD-12-0640-025-02,1006400002510F,0,1,61.0,3.0,L,0,,0,2022-01-02 19:21:07
VD-12-0640-025-02,1006400002510F,0,1,61.0,3.0,S,3,,0,2022-01-02 19:21:07
VD-12-0640-025-03,1006401111000F,0,1,49.0,15.0,L,0,,0,2022-01-02 19:21:07
VD-12-0640-025-03,1006401111000F,0,1,49.0,15.0,S,14,,0,2022-01-02 19:21:07
VD-12-0640-025-05,1006400002510F,0,1,77.0,1.0,L,0,,0,2022-01-02 19:21:07
VD-12-0640-025-05,1006400002510F,0,1,77.0,1.0,S,3,,0,2022-01-02 19:21:07
VD-12-0640-025-05,1006400002510F,1,1,78.0,1.0,L,0,,0,2022-01-02 19:21:07
VD-12-0640-025-05,1006400002510F,1,1,78.0,1.0,S,4,,0,2022-01-02 19:21:07
VD-12-0640-026-01,1006400002600F,0,1,56.0,4.0,L,0,,0,2022-01-02 19:21:07
VD-12-0640-026-01,1006400002600F,0,1,56.0,4.0,S,14,,0,2022-01-02 19:21:07
VD-12-0640-026-01,1006400002600F,1,1,0,0,L,0,,0,2022-01-02 19:21:07
VD-12-0640-026-01,1006400002600F,1,1,0,0,S,0,,0,2022-01-02 19:21:07
VD-12-0640-026-02,1006401111000F,0,1,75.0,4.0,L,2,,0,2022-01-02 19:21:07
VD-12-0640-026-02,1006401111000F,0,1,75.0,4.0,S,12,,0,2022-01-02 19:21:07
VD-12-0640-026-02,1006401111000F,1,1,77.0,1.0,L,0,,0,2022-01-02 19:21:07
VD-12-0640-026-02,1006401111000F,1,1,77.0,1.0,S,4,,0,2022-01-02 19:21:07
VD-12-0640-026-03,1006400102800F,0,1,75.0,1.0,L,0,,0,2022-01-02 19:21:07
VD-12-0640-026-03,1006400102800F,0,1,75.0,1.0,S,1,,0,2022-01-02 19:21:07
VD-12-0640-026-03,1006400102800F,1,1,77.0,1.6,L,1,,0,2022-01-02 19:21:07
VD-12-0640-026-03,1006400102800F,1,1,77.0,1.6,S,1,,0,2022-01-02 19:21:07
VD-12-0640-026-04,1006400002800F,0,1,57.0,6.0,L,0,,0,2022-01-02 19:21:07
VD-12-0640-026-04,1006400002800F,0,1,57.0,6.0,S,13,,0,2022-01-02 19:21:07
VD-12-0640-026-04,1006400002800F,1,1,54.0,4.0,L,0,,0,2022-01-02 19:21:07
VD-12-0640-026-04,1006400002800F,1,1,54.0,4.0,S,9,,0,2022-01-02 19:21:07
VD-12-0650-000-01,1006500000000F,0,1,57.0,5.0,L,0,,0,2022-01-02 19:21:07
VD-12-0650-000-01,1006500000000F,0,1,57.0,5.0,S,18,,0,2022-01-02 19:21:07
VD-12-0650-000-01,1006500000000F,1,1,63.0,9.5,L,0,,0,2022-01-02 19:21:07
VD-12-0650-000-01,1006500000000F,1,1,63.0,9.5,S,10,,0,2022-01-02 19:21:07
VD-12-0650-000-02,1006500000070F,0,1,-99,-99,L,-99,,3,2022-01-02 19:21:07
VD-12-0650-000-02,1006500000070F,0,1,-99,-99,S,-99,,3,2022-01-02 19:21:07
VD-12-0650-000-02,1006500100070F,0,1,-99,-99,L,-99,,3,2022-01-02 19:21:07
VD-12-0650-000-02,1006500100070F,0,1,-99,-99,S,-99,,3,2022-01-02 19:21:07
VD-12-0650-002-01,1006500100200F,0,1,74.0,1.0,L,0,,0,2022-01-02 19:21:07
VD-12-0650-002-01,1006500100200F,0,1,74.0,1.0,S,5,,0,2022-01-02 19:21:07
VD-12-0650-002-01,1006500100200F,1,1,84.0,4.0,L,0,,0,2022-01-02 19:21:07
VD-12-0650-002-01,1006500100200F,1,1,84.0,4.0,S,16,,0,2022-01-02 19:21:07
VD-12-0650-002-01,1006500100200F,2,1,67.0,4.0,L,0,,0,2022-01-02 19:21:07
VD-12-0650-002-01,1006500100200F,2,1,67.0,4.0,S,15,,0,2022-01-02 19:21:07
VD-12-0650-002-02,1006500000200F,0,1,75.0,4.0,L,0,,0,2022-01-02 19:21:07
VD-12-0650-002-02,1006500000200F,0,1,75.0,4.0,S,9,,0,2022-01-02 19:21:07
VD-12-0650-002-02,1006500000200F,1,1,75.0,7.0,L,0,,0,2022-01-02 19:21:07
VD-12-0650-002-02,1006500000200F,1,1,75.0,7.0,S,21,,0,2022-01-02 19:21:07
VD-12-0650-002-02,1006500000200F,2,1,64.0,2.0,L,0,,0,2022-01-02 19:21:07
VD-12-0650-002-02,1006500000200F,2,1,64.0,2.0,S,7,,0,2022-01-02 19:21:07
VD-12-0650-003-01,1006500100200F,0,1,-99,-99,L,-99,,3,2022-01-02 19:21:07
VD-12-0650-003-01,1006500100200F,0,1,-99,-99,S,-99,,3,2022-01-02 19:21:07
VD-12-0650-003-01,1006500100200F,1,1,-99,-99,L,-99,,3,2022-01-02 19:21:07
VD-12-0650-003-01,1006500100200F,1,1,-99,-99,S,-99,,3,2022-01-02 19:21:07
VD-12-0650-003-01,1006500100200F,2,1,-99,-99,L,-99,,3,2022-01-02 19:21:07
VD-12-0650-003-01,1006500100200F,2,1,-99,-99,S,-99,,3,2022-01-02 19:21:07
VD-12-0650-003-02,1006500000300F,0,1,0,0,L,0,,0,2022-01-02 19:21:07
VD-12-0650-003-02,1006500000300F,0,1,0,0,S,0,,0,2022-01-02 19:21:07
VD-12-0650-003-02,1006500000300F,1,1,85.0,6.0,L,0,,0,2022-01-02 19:21:07
VD-12-0650-003-02,1006500000300F,1,1,85.0,6.0,S,21,,0,2022-01-02 19:21:07
VD-12-0650-003-02,1006500000300F,2,1,64.0,4.0,L,0,,0,2022-01-02 19:21:07
VD-12-0650-003-02,1006500000300F,2,1,64.0,4.0,S,11,,0,2022-01-02 19:21:07
VD-12-0650-004-01,1006500000400F,0,1,72.0,3.0,L,0,,0,2022-01-02 19:21:07
VD-12-0650-004-01,1006500000400F,0,1,72.0,3.0,S,7,,0,2022-01-02 19:21:07
VD-12-0650-004-01,1006500000400F,1,1,77.0,4.0,L,0,,0,2022-01-02 19:21:07
VD-12-0650-004-01,1006500000400F,1,1,77.0,4.0,S,15,,0,2022-01-02 19:21:07
VD-12-0650-004-01,1006500000400F,2,1,83.0,1.0,L,0,,0,2022-01-02 19:21:07
VD-12-0650-004-01,1006500000400F,2,1,83.0,1.0,S,6,,0,2022-01-02 19:21:07
VD-12-0650-004-02,1006500000480F,0,1,63.0,13.3,L,0,,0,2022-01-02 19:21:07
VD-12-0650-004-02,1006500000480F,0,1,63.0,13.3,S,14,,0,2022-01-02 19:21:07
VD-12-0650-004-02,1006500000480F,1,1,70.0,3.0,L,0,,0,2022-01-02 19:21:07
VD-12-0650-004-02,1006500000480F,1,1,70.0,3.0,S,14,,0,2022-01-02 19:21:07
VD-12-0650-004-02,1006500000480F,2,1,77.0,3.0,L,0,,0,2022-01-02 19:21:07
VD-12-0650-004-02,1006500000480F,2,1,77.0,3.0,S,14,,0,2022-01-02 19:21:07
VD-12-0650-004-02,1006500000480F,3,1,0,0,L,0,,0,2022-01-02 19:21:07
VD-12-0650-004-02,1006500000480F,3,1,0,0,S,0,,0,2022-01-02 19:21:07
VD-12-0650-004-03,1006500100470F,0,1,-99,-99,L,-99,,3,2022-01-02 19:21:07
VD-12-0650-004-03,1006500100470F,0,1,-99,-99,S,-99,,3,2022-01-02 19:21:07
VD-12-0650-004-03,1006500100470F,1,1,-99,-99,L,-99,,3,2022-01-02 19:21:07
VD-12-0650-004-03,1006500100470F,1,1,-99,-99,S,-99,,3,2022-01-02 19:21:07
VD-12-0650-004-03,1006500100470F,2,1,-99,-99,L,-99,,3,2022-01-02 19:21:07
VD-12-0650-004-03,1006500100470F,2,1,-99,-99,S,-99,,3,2022-01-02 19:21:07
VD-12-0650-004-03,1006500100470F,3,1,-99,-99,L,-99,,3,2022-01-02 19:21:07
VD-12-0650-004-03,1006500100470F,3,1,-99,-99,S,-99,,3,2022-01-02 19:21:07
VD-12-0650-005-01,1006500000530F,0,1,0,0,L,0,,0,2022-01-02 19:21:07
VD-12-0650-005-01,1006500000530F,0,1,0,0,S,0,,0,2022-01-02 19:21:07
VD-12-0650-005-01,1006500000530F,1,1,96.0,3.0,L,0,,0,2022-01-02 19:21:07
VD-12-0650-005-01,1006500000530F,1,1,96.0,3.0,S,9,,0,2022-01-02 19:21:07
VD-12-0650-005-01,1006500000530F,2,1,84.0,2.0,L,0,,0,2022-01-02 19:21:07
VD-12-0650-005-01,1006500000530F,2,1,84.0,2.0,S,5,,0,2022-01-02 19:21:07
VD-12-0650-005-02,1006500100540F,0,1,-99,-99,L,-99,,3,2022-01-02 19:21:07
VD-12-0650-005-02,1006500100540F,0,1,-99,-99,S,-99,,3,2022-01-02 19:21:07
VD-12-0650-005-02,1006500100540F,1,1,-99,-99,L,-99,,3,2022-01-02 19:21:07
VD-12-0650-005-02,1006500100540F,1,1,-99,-99,S,-99,,3,2022-01-02 19:21:07
VD-12-0650-005-02,1006500100540F,2,1,-99,-99,L,-99,,3,2022-01-02 19:21:07
VD-12-0650-005-02,1006500100540F,2,1,-99,-99,S,-99,,3,2022-01-02 19:21:07
VD-12-0650-006-01,1006500100600F,0,1,85.0,3.0,L,0,,0,2022-01-02 19:21:07
VD-12-0650-006-01,1006500100600F,0,1,85.0,3.0,S,10,,0,2022-01-02 19:21:07
VD-12-0650-006-01,1006500100600F,1,1,75.0,4.0,L,0,,0,2022-01-02 19:21:07
VD-12-0650-006-01,1006500100600F,1,1,75.0,4.0,S,11,,0,2022-01-02 19:21:07
VD-12-0650-006-01,1006500100600F,2,1,80.5,1.0,L,1,,0,2022-01-02 19:21:07
VD-12-0650-006-01,1006500100600F,2,1,80.5,1.0,S,3,,0,2022-01-02 19:21:07
VD-12-0650-007-01,1006500000700F,0,1,86.5,7.0,L,1,,0,2022-01-02 19:21:07
VD-12-0650-007-01,1006500000700F,0,1,86.5,7.0,S,11,,0,2022-01-02 19:21:07
VD-12-0650-007-01,1006500000700F,1,1,88.0,5.0,L,1,,0,2022-01-02 19:21:07
VD-12-0650-007-01,1006500000700F,1,1,88.0,5.0,S,16,,0,2022-01-02 19:21:07
VD-12-0650-007-01,1006500000700F,2,1,93.0,1,L,0,,0,2022-01-02 19:21:07
VD-12-0650-007-01,1006500000700F,2,1,93.0,1,S,2,,0,2022-01-02 19:21:07
VD-12-0650-007-02,1006500100770F,0,1,93.0,5.2,L,0,,0,2022-01-02 19:21:07
VD-12-0650-007-02,1006500100770F,0,1,93.0,5.2,S,8,,0,2022-01-02 19:21:07
VD-12-0650-007-02,1006500100770F,1,1,72.0,6.0,L,0,,0,2022-01-02 19:21:07
VD-12-0650-007-02,1006500100770F,1,1,72.0,6.0,S,30,,0,2022-01-02 19:21:07
VD-12-0650-007-02,1006500100770F,2,1,0,0,L,0,,0,2022-01-02 19:21:07
VD-12-0650-007-02,1006500100770F,2,1,0,0,S,0,,0,2022-01-02 19:21:07
VD-12-0650-007-03,1006500000770F,0,1,79.0,2.0,L,0,,0,2022-01-02 19:21:07
VD-12-0650-007-03,1006500000770F,0,1,79.0,2.0,S,10,,0,2022-01-02 19:21:07
VD-12-0650-007-03,1006500000770F,1,1,72.0,6.0,L,2,,0,2022-01-02 19:21:07
VD-12-0650-007-03,1006500000770F,1,1,72.0,6.0,S,28,,0,2022-01-02 19:21:07
VD-12-0650-007-03,1006500000770F,2,1,0,0,L,0,,0,2022-01-02 19:21:07
VD-12-0650-007-03,1006500000770F,2,1,0,0,S,0,,0,2022-01-02 19:21:07
VD-12-0650-009-01,1006500100900F,0,1,0,0,L,0,,0,2022-01-02 19:21:07
VD-12-0650-009-01,1006500100900F,0,1,0,0,S,0,,0,2022-01-02 19:21:07
VD-12-0650-009-01,1006500100900F,1,1,0,0,L,0,,0,2022-01-02 19:21:07
VD-12-0650-009-01,1006500100900F,1,1,0,0,S,0,,0,2022-01-02 19:21:07
VD-12-0650-011-01,1006500001120F,0,1,41.0,1,L,0,,0,2022-01-02 19:21:07
VD-12-0650-011-01,1006500001120F,0,1,41.0,1,S,2,,0,2022-01-02 19:21:07
VD-12-0650-011-01,1006500001120F,1,1,62.0,1,L,0,,0,2022-01-02 19:21:07
VD-12-0650-011-01,1006500001120F,1,1,62.0,1,S,2,,0,2022-01-02 19:21:07
VD-12-0650-011-02,1006500101120F,0,1,56.0,9.6,L,0,,0,2022-01-02 19:21:07
VD-12-0650-011-02,1006500101120F,0,1,56.0,9.6,S,9,,0,2022-01-02 19:21:07
VD-12-0650-011-02,1006500101120F,1,1,51.0,10.6,L,0,,0,2022-01-02 19:21:07
VD-12-0650-011-02,1006500101120F,1,1,51.0,10.6,S,9,,0,2022-01-02 19:21:07
VD-12-0650-012-01,1006500101200F,0,1,62.0,10.0,L,0,,0,2022-01-02 19:21:07
VD-12-0650-012-01,1006500101200F,0,1,62.0,10.0,S,25,,0,2022-01-02 19:21:07
VD-12-0650-012-01,1006500101200F,1,1,74.0,4.9,L,0,,0,2022-01-02 19:21:07
VD-12-0650-012-01,1006500101200F,1,1,74.0,4.9,S,6,,0,2022-01-02 19:21:07
VD-12-0650-012-02,1006500001120F,0,1,-99,-99,L,-99,,3,2022-01-02 19:21:07
VD-12-0650-012-02,1006500001120F,0,1,-99,-99,S,-99,,3,2022-01-02 19:21:07
VD-12-0650-012-02,1006500001120F,1,1,-99,-99,L,-99,,3,2022-01-02 19:21:07
VD-12-0650-012-02,1006500001120F,1,1,-99,-99,S,-99,,3,2022-01-02 19:21:07
VD-12-1100-025-01,4011000002641F,0,1,-99,-99,L,-99,,3,2022-01-02 19:21:07
VD-12-1100-025-01,4011000002641F,0,1,-99,-99,S,-99,,3,2022-01-02 19:21:07
VD-12-1100-025-01,4011000002641F,1,1,-99,-99,L,-99,,3,2022-01-02 19:21:07
VD-12-1100-025-01,4011000002641F,1,1,-99,-99,S,-99,,3,2022-01-02 19:21:07
VD-12-1100-025-01,4011000102642F,0,1,-99,-99,L,-99,,3,2022-01-02 19:21:07
VD-12-1100-025-01,4011000102642F,0,1,-99,-99,S,-99,,3,2022-01-02 19:21:07
VD-12-1100-025-01,4011000102642F,1,1,-99,-99,L,-99,,3,2022-01-02 19:21:07
VD-12-1100-025-01,4011000102642F,1,1,-99,-99,S,-99,,3,2022-01-02 19:21:07
VD-13-0010-015-01,3000100101516H,0,1,9.5,18.9,L,1,,0,2022-01-02 19:21:07
VD-13-0010-015-01,3000100101516H,0,1,9.5,18.9,S,2,,0,2022-01-02 19:21:07
VD-13-0010-015-01,3000100101516H,1,1,18.0,10.0,L,0,,0,2022-01-02 19:21:07
VD-13-0010-015-01,3000100101516H,1,1,18.0,10.0,S,3,,0,2022-01-02 19:21:07
VD-13-0010-019-01,3000100001793H,0,1,62.5,8.0,L,2,,0,2022-01-02 19:21:07
VD-13-0010-019-01,3000100001793H,0,1,62.5,8.0,S,15,,0,2022-01-02 19:21:07
VD-13-0010-019-01,3000100001793H,1,1,59.0,5.0,L,0,,0,2022-01-02 19:21:07
VD-13-0010-019-01,3000100001793H,1,1,59.0,5.0,S,11,,0,2022-01-02 19:21:07
VD-13-0010-020-01,3000100001988H,0,1,48.0,11.0,L,1,,0,2022-01-02 19:21:07
VD-13-0010-020-01,3000100001988H,0,1,48.0,11.0,S,15,,0,2022-01-02 19:21:07
VD-13-0010-020-01,3000100001988H,1,1,51.0,6.0,L,1,,0,2022-01-02 19:21:07
VD-13-0010-020-01,3000100001988H,1,1,51.0,6.0,S,9,,0,2022-01-02 19:21:07
VD-13-0010-021-01,3000100002116H,0,1,22.0,8.0,L,0,,0,2022-01-02 19:21:07
VD-13-0010-021-01,3000100002116H,0,1,22.0,8.0,S,5,,0,2022-01-02 19:21:07
VD-13-0010-021-01,3000100002116H,1,1,10.0,12.0,L,2,,0,2022-01-02 19:21:07
VD-13-0010-021-01,3000100002116H,1,1,10.0,12.0,S,0,,0,2022-01-02 19:21:07
VD-13-0010-021-01,3000100002116H,2,1,26.0,2.0,L,0,,0,2022-01-02 19:21:07
VD-13-0010-021-01,3000100002116H,2,1,26.0,2.0,S,3,,0,2022-01-02 19:21:07
VD-13-0010-024-01,3000100002484H,0,1,52.0,5.0,L,0,,0,2022-01-02 19:21:07
VD-13-0010-024-01,3000100002484H,0,1,52.0,5.0,S,10,,0,2022-01-02 19:21:07
VD-13-0010-024-01,3000100002484H,1,1,48.0,10.0,L,0,,0,2022-01-02 19:21:07
VD-13-0010-024-01,3000100002484H,1,1,48.0,10.0,S,15,,0,2022-01-02 19:21:07
VD-13-0010-028-01,3000100002893H,0,1,0,0,L,0,,0,2022-01-02 19:21:07
VD-13-0010-028-01,3000100002893H,0,1,0,0,S,0,,0,2022-01-02 19:21:07
VD-13-0010-028-01,3000100002893H,1,1,0,0,L,0,,0,2022-01-02 19:21:07
VD-13-0010-028-01,3000100002893H,1,1,0,0,S,0,,0,2022-01-02 19:21:07
VD-13-0010-028-01,3000100002893H,2,1,36.0,4.0,L,0,,0,2022-01-02 19:21:07
VD-13-0010-028-01,3000100002893H,2,1,36.0,4.0,S,4,,0,2022-01-02 19:21:07
VD-13-0010-030-01,3000100003008H,0,1,39.0,7.0,L,0,,0,2022-01-02 19:21:07
VD-13-0010-030-01,3000100003008H,0,1,39.0,7.0,S,9,,0,2022-01-02 19:21:07
VD-13-0010-030-01,3000100003008H,1,1,43.0,5.0,L,2,,0,2022-01-02 19:21:07
VD-13-0010-030-01,3000100003008H,1,1,43.0,5.0,S,4,,0,2022-01-02 19:21:07
VD-13-0010-030-01,3000100003008H,2,1,35.5,2.0,L,1,,0,2022-01-02 19:21:07
VD-13-0010-030-01,3000100003008H,2,1,35.5,2.0,S,1,,0,2022-01-02 19:21:07
VD-13-0010-031-01,3000100003161H,0,1,49.0,2.0,L,2,,0,2022-01-02 19:21:07
VD-13-0010-031-01,3000100003161H,0,1,49.0,2.0,S,1,,0,2022-01-02 19:21:07
VD-13-0010-031-01,3000100003161H,1,1,48.0,2.0,L,0,,0,2022-01-02 19:21:07
VD-13-0010-031-01,3000100003161H,1,1,48.0,2.0,S,4,,0,2022-01-02 19:21:07
VD-13-0010-031-01,3000100003161H,2,1,48.0,1.0,L,0,,0,2022-01-02 19:21:07
VD-13-0010-031-01,3000100003161H,2,1,48.0,1.0,S,3,,0,2022-01-02 19:21:07
VD-13-0010-034-02,3000100003395H,0,1,25.0,14.0,L,3,,0,2022-01-02 19:21:07
VD-13-0010-034-02,3000100003395H,0,1,25.0,14.0,S,8,,0,2022-01-02 19:21:07
VD-13-0010-034-02,3000100003395H,1,1,31.0,12.0,L,0,,0,2022-01-02 19:21:07
VD-13-0010-034-02,3000100003395H,1,1,31.0,12.0,S,12,,0,2022-01-02 19:21:07
VD-13-0010-034-02,3000100003395H,2,1,49.0,1.0,L,0,,0,2022-01-02 19:21:07
VD-13-0010-034-02,3000100003395H,2,1,49.0,1.0,S,1,,0,2022-01-02 19:21:07
VD-13-0010-039-01,3000100003974H,0,1,32.0,11.0,L,2,,0,2022-01-02 19:21:07
VD-13-0010-039-01,3000100003974H,0,1,32.0,11.0,S,10,,0,2022-01-02 19:21:07
VD-13-0010-039-01,3000100003974H,1,1,14.0,22.0,L,0,,0,2022-01-02 19:21:07
VD-13-0010-039-01,3000100003974H,1,1,14.0,22.0,S,8,,0,2022-01-02 19:21:07
VD-13-0010-042-01,3000100004223H,0,1,43.0,1.0,L,0,,0,2022-01-02 19:21:07
VD-13-0010-042-01,3000100004223H,0,1,43.0,1.0,S,1,,0,2022-01-02 19:21:07
VD-13-0010-042-01,3000100004223H,1,1,45.0,4.0,L,0,,0,2022-01-02 19:21:07
VD-13-0010-042-01,3000100004223H,1,1,45.0,4.0,S,6,,0,2022-01-02 19:21:07
VD-13-0010-042-01,3000100004223H,2,1,52.0,2.0,L,0,,0,2022-01-02 19:21:07
VD-13-0010-042-01,3000100004223H,2,1,52.0,2.0,S,5,,0,2022-01-02 19:21:07
VD-13-0010-042-01,3000100004223H,3,1,52.0,1.0,L,0,,0,2022-01-02 19:21:07
VD-13-0010-042-01,3000100004223H,3,1,52.0,1.0,S,3,,0,2022-01-02 19:21:07
VD-13-0010-045-01,3000100004533H,0,1,30.0,2.0,L,1,,0,2022-01-02 19:21:07
VD-13-0010-045-01,3000100004533H,0,1,30.0,2.0,S,2,,0,2022-01-02 19:21:07
VD-13-0010-045-01,3000100004533H,1,1,37.0,4.0,L,0,,0,2022-01-02 19:21:07
VD-13-0010-045-01,3000100004533H,1,1,37.0,4.0,S,3,,0,2022-01-02 19:21:07
VD-13-0010-045-01,3000100004533H,2,1,63.0,1.0,L,0,,0,2022-01-02 19:21:07
VD-13-0010-045-01,3000100004533H,2,1,63.0,1.0,S,1,,0,2022-01-02 19:21:07
VD-13-0010-046-01,3000100004627H,0,1,44.5,9.0,L,1,,0,2022-01-02 19:21:07
VD-13-0010-046-01,3000100004627H,0,1,44.5,9.0,S,10,,0,2022-01-02 19:21:07
VD-13-0010-046-01,3000100004627H,1,1,46.0,7.0,L,0,,0,2022-01-02 19:21:07
VD-13-0010-046-01,3000100004627H,1,1,46.0,7.0,S,11,,0,2022-01-02 19:21:07
VD-13-0010-046-01,3000100004627H,2,1,51.0,1.0,L,0,,0,2022-01-02 19:21:07
VD-13-0010-046-01,3000100004627H,2,1,51.0,1.0,S,2,,0,2022-01-02 19:21:07
VD-13-0010-049-01,3000100004866H,0,1,57.0,3.0,L,0,,0,2022-01-02 19:21:07
VD-13-0010-049-01,3000100004866H,0,1,57.0,3.0,S,6,,0,2022-01-02 19:21:07
VD-13-0010-049-01,3000100004866H,1,1,65.0,1.0,L,0,,0,2022-01-02 19:21:07
VD-13-0010-049-01,3000100004866H,1,1,65.0,1.0,S,3,,0,2022-01-02 19:21:07
VD-13-001A-017-01,3000110001618H,0,1,55.0,6.0,L,0,,0,2022-01-02 19:21:07
VD-13-001A-017-01,3000110001618H,0,1,55.0,6.0,S,10,,0,2022-01-02 19:21:07
VD-13-001A-021-01,3000110002065H,0,1,6.0,10.0,L,0,,0,2022-01-02 19:21:07
VD-13-001A-021-01,3000110002065H,0,1,6.0,10.0,S,1,,0,2022-01-02 19:21:07
VD-13-001A-021-01,3000110002065H,1,1,49.0,2.0,L,1,,0,2022-01-02 19:21:07
VD-13-001A-021-01,3000110002065H,1,1,49.0,2.0,S,2,,0,2022-01-02 19:21:07
VD-13-001A-025-01,3000110002508H,0,1,40.5,14.0,L,8,,0,2022-01-02 19:21:07
VD-13-001A-025-01,3000110002508H,0,1,40.5,14.0,S,34,,0,2022-01-02 19:21:07
VD-13-001A-025-01,3000110002508H,1,1,42.0,9.0,L,0,,0,2022-01-02 19:21:07
VD-13-001A-025-01,3000110002508H,1,1,42.0,9.0,S,22,,0,2022-01-02 19:21:07
VD-13-001A-025-01,3000110002508H,2,1,46.0,15.7,L,0,,0,2022-01-02 19:21:07
VD-13-001A-025-01,3000110002508H,2,1,46.0,15.7,S,12,,0,2022-01-02 19:21:07
VD-13-0040-004-01,3000400000432H,0,1,-99,-99,L,-99,,3,2022-01-02 19:21:07
VD-13-0040-004-01,3000400000432H,0,1,-99,-99,S,-99,,3,2022-01-02 19:21:07
VD-13-0040-004-01,3000400000432H,1,1,-99,-99,L,-99,,3,2022-01-02 19:21:07
VD-13-0040-004-01,3000400000432H,1,1,-99,-99,S,-99,,3,2022-01-02 19:21:07
VD-13-0040-004-01,3000400100365H,0,1,-99,-99,L,-99,,3,2022-01-02 19:21:07
VD-13-0040-004-01,3000400100365H,0,1,-99,-99,S,-99,,3,2022-01-02 19:21:07
VD-13-0040-004-01,3000400100365H,1,1,-99,-99,L,-99,,3,2022-01-02 19:21:07
VD-13-0040-004-01,3000400100365H,1,1,-99,-99,S,-99,,3,2022-01-02 19:21:07
VD-13-0040-009-01,3000400000913H,0,1,11.0,27.3,L,0,,0,2022-01-02 19:21:07
VD-13-0040-009-01,3000400000913H,0,1,11.0,27.3,S,5,,0,2022-01-02 19:21:07
VD-13-0040-009-01,3000400000913H,1,1,29.0,17.0,L,4,,0,2022-01-02 19:21:07
VD-13-0040-009-01,3000400000913H,1,1,29.0,17.0,S,12,,0,2022-01-02 19:21:07
VD-13-0040-009-01,3000400000913H,2,1,40.0,5.0,L,0,,0,2022-01-02 19:21:07
VD-13-0040-009-01,3000400000913H,2,1,40.0,5.0,S,6,,0,2022-01-02 19:21:07
VD-13-0040-014-01,3000400001450H,0,1,0,0,L,0,,0,2022-01-02 19:21:07
VD-13-0040-014-01,3000400001450H,0,1,0,0,S,0,,0,2022-01-02 19:21:07
VD-13-0040-014-01,3000400001450H,1,1,6.0,20.0,L,0,,0,2022-01-02 19:21:07
VD-13-0040-014-01,3000400001450H,1,1,6.0,20.0,S,2,,0,2022-01-02 19:21:07
VD-13-0040-014-01,3000400001450H,2,1,0,0,L,0,,0,2022-01-02 19:21:07
VD-13-0040-014-01,3000400001450H,2,1,0,0,S,0,,0,2022-01-02 19:21:07
VD-13-0040-016-01,3000400001593H,0,1,39.0,5.0,L,2,,0,2022-01-02 19:21:07
VD-13-0040-016-01,3000400001593H,0,1,39.0,5.0,S,4,,0,2022-01-02 19:21:07
VD-13-0040-016-01,3000400001593H,1,1,39.0,8.0,L,0,,0,2022-01-02 19:21:07
VD-13-0040-016-01,3000400001593H,1,1,39.0,8.0,S,9,,0,2022-01-02 19:21:07
VD-13-0150-025-01,3001500002434H,0,1,55.5,2.0,L,1,,0,2022-01-02 19:21:07
VD-13-0150-025-01,3001500002434H,0,1,55.5,2.0,S,3,,0,2022-01-02 19:21:07
VD-13-0150-025-01,3001500002434H,1,1,59.5,1.0,L,1,,0,2022-01-02 19:21:07
VD-13-0150-025-01,3001500002434H,1,1,59.5,1.0,S,2,,0,2022-01-02 19:21:07
VD-13-0150-027-01,3001500002699H,0,1,0,0,L,0,,0,2022-01-02 19:21:07
VD-13-0150-027-01,3001500002699H,0,1,0,0,S,0,,0,2022-01-02 19:21:07
VD-13-0150-027-01,3001500002699H,1,1,43.5,2.0,L,2,,0,2022-01-02 19:21:07
VD-13-0150-027-01,3001500002699H,1,1,43.5,2.0,S,2,,0,2022-01-02 19:21:07
VD-13-0150-036-01,3001500003612H,0,1,45.5,6.0,L,2,,0,2022-01-02 19:21:07
VD-13-0150-036-01,3001500003612H,0,1,45.5,6.0,S,12,,0,2022-01-02 19:21:07
VD-13-0150-036-01,3001500003612H,1,1,50.0,16.8,L,0,,0,2022-01-02 19:21:07
VD-13-0150-036-01,3001500003612H,1,1,50.0,16.8,S,14,,0,2022-01-02 19:21:07
VD-13-0150-048-01,3001500004803H,0,1,40.0,1,L,0,,0,2022-01-02 19:21:07
VD-13-0150-048-01,3001500004803H,0,1,40.0,1,S,2,,0,2022-01-02 19:21:07
VD-13-0150-048-01,3001500004803H,1,1,0,0,L,0,,0,2022-01-02 19:21:07
VD-13-0150-048-01,3001500004803H,1,1,0,0,S,0,,0,2022-01-02 19:21:07
VD-13-0150-054-01,3001500005283H,0,1,53.0,1.0,L,0,,0,2022-01-02 19:21:07
VD-13-0150-054-01,3001500005283H,0,1,53.0,1.0,S,4,,0,2022-01-02 19:21:07
VD-13-0150-054-01,3001500005283H,1,1,49.0,1,L,0,,0,2022-01-02 19:21:07
VD-13-0150-054-01,3001500005283H,1,1,49.0,1,S,2,,0,2022-01-02 19:21:07
VD-13-015A-000-01,3001510000172H,0,1,0,0,L,0,,0,2022-01-02 19:21:07
VD-13-015A-000-01,3001510000172H,0,1,0,0,S,0,,0,2022-01-02 19:21:07
VD-13-015A-000-01,3001510000172H,1,1,51.0,4.7,L,0,,0,2022-01-02 19:21:07
VD-13-015A-000-01,3001510000172H,1,1,51.0,4.7,S,4,,0,2022-01-02 19:21:07
VD-13-015A-000-01,3001510000172H,2,1,67.0,1,L,0,,0,2022-01-02 19:21:07
VD-13-015A-000-01,3001510000172H,2,1,67.0,1,S,2,,0,2022-01-02 19:21:07
VD-13-0310-003-01,3003100000229H,0,1,59.0,1.0,L,0,,0,2022-01-02 19:21:07
VD-13-0310-003-01,3003100000229H,0,1,59.0,1.0,S,4,,0,2022-01-02 19:21:07
VD-13-0310-003-01,3003100000229H,1,1,54.0,4.0,L,0,,0,2022-01-02 19:21:07
VD-13-0310-003-01,3003100000229H,1,1,54.0,4.0,S,14,,0,2022-01-02 19:21:07
VD-13-0310-003-01,3003100000229H,2,1,54.0,1.0,L,0,,0,2022-01-02 19:21:07
VD-13-0310-003-01,3003100000229H,2,1,54.0,1.0,S,4,,0,2022-01-02 19:21:07
VD-13-0310-003-01,3003100000229H,3,1,0,0,L,0,,0,2022-01-02 19:21:07
VD-13-0310-003-01,3003100000229H,3,1,0,0,S,0,,0,2022-01-02 19:21:07
VD-13-0310-003-02,3003100100229H,0,1,57.0,2.0,L,0,,0,2022-01-02 19:21:07
VD-13-0310-003-02,3003100100229H,0,1,57.0,2.0,S,8,,0,2022-01-02 19:21:07
VD-13-0310-003-02,3003100100229H,1,1,52.0,18.5,L,0,,0,2022-01-02 19:21:07
VD-13-0310-003-02,3003100100229H,1,1,52.0,18.5,S,16,,0,2022-01-02 19:21:07
VD-13-0310-003-02,3003100100229H,2,1,0,0,L,0,,0,2022-01-02 19:21:07
VD-13-0310-003-02,3003100100229H,2,1,0,0,S,0,,0,2022-01-02 19:21:07
VD-13-0310-006-01,3003100000575H,0,1,67.0,5.4,L,0,,0,2022-01-02 19:21:07
VD-13-0310-006-01,3003100000575H,0,1,67.0,5.4,S,6,,0,2022-01-02 19:21:07
VD-13-0310-006-01,3003100000575H,1,1,64.0,5.6,L,0,,0,2022-01-02 19:21:07
VD-13-0310-006-01,3003100000575H,1,1,64.0,5.6,S,6,,0,2022-01-02 19:21:07
VD-13-0310-006-01,3003100000575H,2,1,0,0,L,0,,0,2022-01-02 19:21:07
VD-13-0310-006-01,3003100000575H,2,1,0,0,S,0,,0,2022-01-02 19:21:07
VD-13-0310-006-02,3003100100578H,0,1,-99,-99,L,-99,,3,2022-01-02 19:21:07
VD-13-0310-006-02,3003100100578H,0,1,-99,-99,S,-99,,3,2022-01-02 19:21:07
VD-13-0310-006-02,3003100100578H,1,1,-99,-99,L,-99,,3,2022-01-02 19:21:07
VD-13-0310-006-02,3003100100578H,1,1,-99,-99,S,-99,,3,2022-01-02 19:21:07
VD-13-0310-006-02,3003100100578H,2,1,-99,-99,L,-99,,3,2022-01-02 19:21:07
VD-13-0310-006-02,3003100100578H,2,1,-99,-99,S,-99,,3,2022-01-02 19:21:07
VD-13-0310-013-01,3003100001286H,0,1,-99,-99,L,-99,,3,2022-01-02 19:21:07
VD-13-0310-013-01,3003100001286H,0,1,-99,-99,S,-99,,3,2022-01-02 19:21:07
VD-13-0310-013-01,3003100001286H,1,1,-99,-99,L,-99,,3,2022-01-02 19:21:07
VD-13-0310-013-01,3003100001286H,1,1,-99,-99,S,-99,,3,2022-01-02 19:21:07
VD-13-0310-013-01,3003100001286H,2,1,-99,-99,L,-99,,3,2022-01-02 19:21:07
VD-13-0310-013-01,3003100001286H,2,1,-99,-99,S,-99,,3,2022-01-02 19:21:07
VD-13-0310-013-02,3003100101286H,0,1,38.0,1.0,L,0,,0,2022-01-02 19:21:07
VD-13-0310-013-02,3003100101286H,0,1,38.0,1.0,S,2,,0,2022-01-02 19:21:07
VD-13-0310-013-02,3003100101286H,1,1,71.0,1.0,L,0,,0,2022-01-02 19:21:07
VD-13-0310-013-02,3003100101286H,1,1,71.0,1.0,S,3,,0,2022-01-02 19:21:07
VD-13-0310-013-02,3003100101286H,2,1,59.0,1.0,L,0,,0,2022-01-02 19:21:07
VD-13-0310-013-02,3003100101286H,2,1,59.0,1.0,S,2,,0,2022-01-02 19:21:07
VD-13-0310-017-01,3003100001647H,0,1,50.0,2.0,L,0,,0,2022-01-02 19:21:07
VD-13-0310-017-01,3003100001647H,0,1,50.0,2.0,S,5,,0,2022-01-02 19:21:07
VD-13-0310-017-01,3003100001647H,1,1,51.0,1.0,L,0,,0,2022-01-02 19:21:07
VD-13-0310-017-01,3003100001647H,1,1,51.0,1.0,S,2,,0,2022-01-02 19:21:07
VD-13-0310-017-01,3003100001647H,2,1,57.0,1.0,L,0,,0,2022-01-02 19:21:07
VD-13-0310-017-01,3003100001647H,2,1,57.0,1.0,S,2,,0,2022-01-02 19:21:07
VD-13-0310-017-02,3003100101647H,0,1,48.0,10.0,L,0,,0,2022-01-02 19:21:07
VD-13-0310-017-02,3003100101647H,0,1,48.0,10.0,S,8,,0,2022-01-02 19:21:07
VD-13-0310-017-02,3003100101647H,1,1,46.0,4.0,L,0,,0,2022-01-02 19:21:07
VD-13-0310-017-02,3003100101647H,1,1,46.0,4.0,S,2,,0,2022-01-02 19:21:07
VD-13-0310-017-02,3003100101647H,2,1,44.0,5.0,L,0,,0,2022-01-02 19:21:07
VD-13-0310-017-02,3003100101647H,2,1,44.0,5.0,S,8,,0,2022-01-02 19:21:07
VD-13-0610-025-01,1006100002500H,0,1,92.0,1.0,L,0,,0,2022-01-02 19:21:07
VD-13-0610-025-01,1006100002500H,0,1,92.0,1.0,S,3,,0,2022-01-02 19:21:07
VD-13-0610-025-01,1006100002500H,1,1,0,0,L,0,,0,2022-01-02 19:21:07
VD-13-0610-025-01,1006100002500H,1,1,0,0,S,0,,0,2022-01-02 19:21:07
VD-13-0610-027-01,1006100002700H,0,1,49.0,1,L,0,,0,2022-01-02 19:21:07
VD-13-0610-027-01,1006100002700H,0,1,49.0,1,S,1,,0,2022-01-02 19:21:07
VD-13-0610-027-01,1006100002700H,1,1,0,0,L,0,,0,2022-01-02 19:21:07
VD-13-0610-027-01,1006100002700H,1,1,0,0,S,0,,0,2022-01-02 19:21:07
VD-13-0610-027-02,1006100002750H,0,1,84.0,2.1,L,0,,0,2022-01-02 19:21:07
VD-13-0610-027-02,1006100002750H,0,1,84.0,2.1,S,3,,0,2022-01-02 19:21:07
VD-13-0610-027-02,1006100002750H,1,1,0,0,L,0,,0,2022-01-02 19:21:07
VD-13-0610-027-02,1006100002750H,1,1,0,0,S,0,,0,2022-01-02 19:21:07
VD-13-0610-029-01,1006100002900H,0,1,81.5,5.0,L,5,,0,2022-01-02 19:21:07
VD-13-0610-029-01,1006100002900H,0,1,81.5,5.0,S,7,,0,2022-01-02 19:21:07
VD-13-0610-029-01,1006100002900H,1,1,89.5,4.0,L,3,,0,2022-01-02 19:21:07
VD-13-0610-029-01,1006100002900H,1,1,89.5,4.0,S,8,,0,2022-01-02 19:21:07
VD-13-0610-032-01,1006100003200H,0,1,91.0,1.0,L,0,,0,2022-01-02 19:21:07
VD-13-0610-032-01,1006100003200H,0,1,91.0,1.0,S,2,,0,2022-01-02 19:21:07
VD-13-0610-032-01,1006100003200H,1,1,58.5,1.0,L,2,,0,2022-01-02 19:21:07
VD-13-0610-032-01,1006100003200H,1,1,58.5,1.0,S,2,,0,2022-01-02 19:21:07
VD-13-0610-036-01,1006100003600H,0,1,91.5,6.0,L,4,,0,2022-01-02 19:21:07
VD-13-0610-036-01,1006100003600H,0,1,91.5,6.0,S,32,,0,2022-01-02 19:21:07
VD-13-0610-036-01,1006100003600H,1,1,77.0,12.0,L,14,,0,2022-01-02 19:21:07
VD-13-0610-036-01,1006100003600H,1,1,77.0,12.0,S,36,,0,2022-01-02 19:21:07
VD-13-0610-047-01,1006100004700H,0,1,88.0,2.0,L,0,,0,2022-01-02 19:21:07
VD-13-0610-047-01,1006100004700H,0,1,88.0,2.0,S,3,,0,2022-01-02 19:21:07
VD-13-0610-047-01,1006100004700H,1,1,84.0,3.6,L,0,,0,2022-01-02 19:21:07
VD-13-0610-047-01,1006100004700H,1,1,84.0,3.6,S,5,,0,2022-01-02 19:21:07
VD-13-0610-047-02,1006100004700H,0,1,-99,-99,L,-99,,3,2022-01-02 19:21:07
VD-13-0610-047-02,1006100004700H,0,1,-99,-99,S,-99,,3,2022-01-02 19:21:07
VD-13-0610-047-02,1006100004700H,1,1,-99,-99,L,-99,,3,2022-01-02 19:21:07
VD-13-0610-047-02,1006100004700H,1,1,-99,-99,S,-99,,3,2022-01-02 19:21:07
VD-13-0610-047-02,1006100104700H,0,1,-99,-99,L,-99,,3,2022-01-02 19:21:07
VD-13-0610-047-02,1006100104700H,0,1,-99,-99,S,-99,,3,2022-01-02 19:21:07
VD-13-0610-047-02,1006100104700H,1,1,-99,-99,L,-99,,3,2022-01-02 19:21:07
VD-13-0610-047-02,1006100104700H,1,1,-99,-99,S,-99,,3,2022-01-02 19:21:07
VD-13-0610-048-01,1006100004870H,0,1,0,0,L,0,,0,2022-01-02 19:21:07
VD-13-0610-048-01,1006100004870H,0,1,0,0,S,0,,0,2022-01-02 19:21:07
VD-13-0610-048-01,1006100004870H,1,1,0,0,L,0,,0,2022-01-02 19:21:07
VD-13-0610-048-01,1006100004870H,1,1,0,0,S,0,,0,2022-01-02 19:21:07
VD-13-0610-050-01,1006100105000H,0,1,83.5,13.7,L,5,,0,2022-01-02 19:21:07
VD-13-0610-050-01,1006100105000H,0,1,83.5,13.7,S,14,,0,2022-01-02 19:21:07
VD-13-0610-050-01,1006100105000H,1,1,80.0,6.0,L,3,,0,2022-01-02 19:21:07
VD-13-0610-050-01,1006100105000H,1,1,80.0,6.0,S,5,,0,2022-01-02 19:21:07
VD-13-0610-053-01,1006100005330H,0,1,87.0,1.0,L,0,,0,2022-01-02 19:21:07
VD-13-0610-053-01,1006100005330H,0,1,87.0,1.0,S,6,,0,2022-01-02 19:21:07
VD-13-0610-053-01,1006100005330H,1,1,89.0,1,L,0,,0,2022-01-02 19:21:07
VD-13-0610-053-01,1006100005330H,1,1,89.0,1,S,4,,0,2022-01-02 19:21:07
VD-14-0020-057-01,3000200005764C,0,1,29.0,6.0,L,0,,0,2022-01-02 19:21:07
VD-14-0020-057-01,3000200005764C,0,1,29.0,6.0,S,6,,0,2022-01-02 19:21:07
VD-14-0020-057-01,3000200005764C,1,1,37.0,1,L,0,,0,2022-01-02 19:21:07
VD-14-0020-057-01,3000200005764C,1,1,37.0,1,S,2,,0,2022-01-02 19:21:07
VD-14-0020-073-01,3000200007358F,0,1,56.0,1.0,L,1,,0,2022-01-02 19:21:07
VD-14-0020-073-01,3000200007358F,0,1,56.0,1.0,S,1,,0,2022-01-02 19:21:07
VD-14-0020-091-01,3000200009079F,0,1,63.0,3.0,L,0,,0,2022-01-02 19:21:07
VD-14-0020-091-01,3000200009079F,0,1,63.0,3.0,S,14,,0,2022-01-02 19:21:07
VD-14-0020-099-01,3000200009902F,0,1,-99,-99,L,-99,,3,2022-01-02 19:21:07
VD-14-0020-099-01,3000200009902F,0,1,-99,-99,S,-99,,3,2022-01-02 19:21:07
VD-14-0020-099-01,3000200109902F,0,1,-99,-99,L,-99,,3,2022-01-02 19:21:07
VD-14-0020-099-01,3000200109902F,0,1,-99,-99,S,-99,,3,2022-01-02 19:21:07
VD-14-0020-100-01,3000200009934F,0,1,60.0,1.0,L,0,,0,2022-01-02 19:21:07
VD-14-0020-100-01,3000200009934F,0,1,60.0,1.0,S,2,,0,2022-01-02 19:21:07
VD-14-0020-104-01,3000200010367F,0,1,0,0,L,0,,0,2022-01-02 19:21:07
VD-14-0020-104-01,3000200010367F,0,1,0,0,S,0,,0,2022-01-02 19:21:07
VD-14-0020-106-01,3000200010614F,0,1,0,0,L,0,,0,2022-01-02 19:21:07
VD-14-0020-106-01,3000200010614F,0,1,0,0,S,0,,0,2022-01-02 19:21:07
VD-14-0020-106-01,3000200010614F,1,1,65.0,1,L,0,,0,2022-01-02 19:21:07
VD-14-0020-106-01,3000200010614F,1,1,65.0,1,S,1,,0,2022-01-02 19:21:07
VD-14-002C-001-01,3000230000127C,0,1,43.0,11.2,L,0,,0,2022-01-02 19:21:07
VD-14-002C-001-01,3000230000127C,0,1,43.0,11.2,S,8,,0,2022-01-02 19:21:07
VD-14-002C-012-01,3000230001274F,0,1,0,0,L,0,,0,2022-01-02 19:21:07
VD-14-002C-012-01,3000230001274F,0,1,0,0,S,0,,0,2022-01-02 19:21:07
VD-14-002C-022-01,3000230001948F,0,1,0,0,L,0,,0,2022-01-02 19:21:07
VD-14-002C-022-01,3000230001948F,0,1,0,0,S,0,,0,2022-01-02 19:21:07
VD-14-002D-009-01,3000240000896F,0,1,-99,-99,L,-99,,3,2022-01-02 19:21:07
VD-14-002D-009-01,3000240000896F,0,1,-99,-99,S,-99,,3,2022-01-02 19:21:07
VD-14-002D-009-01,3000240100896F,0,1,-99,-99,L,-99,,3,2022-01-02 19:21:07
VD-14-002D-009-01,3000240100896F,0,1,-99,-99,S,-99,,3,2022-01-02 19:21:07
VD-14-002D-012-01,3000240001204F,0,1,69.0,1.0,L,0,,0,2022-01-02 19:21:07
VD-14-002D-012-01,3000240001204F,0,1,69.0,1.0,S,4,,0,2022-01-02 19:21:07
VD-14-0050-010-01,3000500001068A,0,1,25.0,9.6,L,0,,0,2022-01-02 19:21:07
VD-14-0050-010-01,3000500001068A,0,1,25.0,9.6,S,4,,0,2022-01-02 19:21:07
VD-14-0050-010-01,3000500001068A,1,1,23.0,2.0,L,0,,0,2022-01-02 19:21:07
VD-14-0050-010-01,3000500001068A,1,1,23.0,2.0,S,3,,0,2022-01-02 19:21:07
VD-14-0050-010-01,3000500001068A,2,1,0,0,L,0,,0,2022-01-02 19:21:07
VD-14-0050-010-01,3000500001068A,2,1,0,0,S,0,,0,2022-01-02 19:21:07
VD-14-0050-011-01,3000500001088F,0,1,-99,-99,L,-99,,3,2022-01-02 19:21:07
VD-14-0050-011-01,3000500001088F,0,1,-99,-99,S,-99,,3,2022-01-02 19:21:07
VD-14-0050-011-01,3000500001088F,1,1,-99,-99,L,-99,,3,2022-01-02 19:21:07
VD-14-0050-011-01,3000500001088F,1,1,-99,-99,S,-99,,3,2022-01-02 19:21:07
VD-14-0050-013-01,3000500001339F,0,1,-99,-99,L,-99,,3,2022-01-02 19:21:07
VD-14-0050-013-01,3000500001339F,0,1,-99,-99,S,-99,,3,2022-01-02 19:21:07
VD-14-0050-013-01,3000500001339F,1,1,-99,-99,L,-99,,3,2022-01-02 19:21:07
VD-14-0050-013-01,3000500001339F,1,1,-99,-99,S,-99,,3,2022-01-02 19:21:07
VD-14-0050-013-01,3000500001339F,2,1,-99,-99,L,-99,,3,2022-01-02 19:21:07
VD-14-0050-013-01,3000500001339F,2,1,-99,-99,S,-99,,3,2022-01-02 19:21:07
VD-14-0050-015-01,3000500001527F,0,1,40.0,5.0,L,0,,0,2022-01-02 19:21:07
VD-14-0050-015-01,3000500001527F,0,1,40.0,5.0,S,8,,0,2022-01-02 19:21:07
VD-14-0050-015-01,3000500001527F,1,1,24.0,9.0,L,0,,0,2022-01-02 19:21:07
VD-14-0050-015-01,3000500001527F,1,1,24.0,9.0,S,11,,0,2022-01-02 19:21:07
VD-14-0610-085-01,1006100108610O,0,1,47.5,54.3,L,4,,0,2022-01-02 19:21:07
VD-14-0610-085-01,1006100108610O,0,1,47.5,54.3,S,39,,0,2022-01-02 19:21:07
VD-14-0610-085-01,1006100108610O,1,1,61.5,10.0,L,2,,0,2022-01-02 19:21:07
VD-14-0610-085-01,1006100108610O,1,1,61.5,10.0,S,15,,0,2022-01-02 19:21:07
VD-14-0620-000-01,1006201101000C,0,1,32.0,1.0,L,0,,0,2022-01-02 19:21:07
VD-14-0620-000-01,1006201101000C,0,1,32.0,1.0,S,1,,0,2022-01-02 19:21:07
VD-14-0620-000-01,1006201101000C,1,1,35.0,1.0,L,0,,0,2022-01-02 19:21:07
VD-14-0620-000-01,1006201101000C,1,1,35.0,1.0,S,1,,0,2022-01-02 19:21:07
VD-14-0620-000-02,1006201001000C,0,1,89.0,3.0,L,0,,0,2022-01-02 19:21:07
VD-14-0620-000-02,1006201001000C,0,1,89.0,3.0,S,6,,0,2022-01-02 19:21:07
VD-14-0620-000-02,1006201001000C,1,1,0,0,L,0,,0,2022-01-02 19:21:07
VD-14-0620-000-02,1006201001000C,1,1,0,0,S,0,,0,2022-01-02 19:21:07
VD-14-0620-002-01,1006200100200C,0,1,75.0,1.0,L,0,,0,2022-01-02 19:21:07
VD-14-0620-002-01,1006200100200C,0,1,75.0,1.0,S,2,,0,2022-01-02 19:21:07
VD-14-0620-002-01,1006200100200C,1,1,74.0,1.0,L,0,,0,2022-01-02 19:21:07
VD-14-0620-002-01,1006200100200C,1,1,74.0,1.0,S,1,,0,2022-01-02 19:21:07
VD-14-0620-002-02,1006200000200C,0,1,78.0,4.0,L,0,,0,2022-01-02 19:21:07
VD-14-0620-002-02,1006200000200C,0,1,78.0,4.0,S,10,,0,2022-01-02 19:21:07
VD-14-0620-002-02,1006200000200C,1,1,59.0,2.0,L,0,,0,2022-01-02 19:21:07
VD-14-0620-002-02,1006200000200C,1,1,59.0,2.0,S,7,,0,2022-01-02 19:21:07
VD-14-0620-003-01,1006201003050C,0,1,0,0,L,0,,0,2022-01-02 19:21:07
VD-14-0620-003-01,1006201003050C,0,1,0,0,S,0,,0,2022-01-02 19:21:07
VD-14-0620-003-02,1006201003000C,0,1,0,0,L,0,,0,2022-01-02 19:21:07
VD-14-0620-003-02,1006201003000C,0,1,0,0,S,0,,0,2022-01-02 19:21:07
VD-14-0620-003-03,1006201103010C,0,1,54.0,1.0,L,0,,0,2022-01-02 19:21:07
VD-14-0620-003-03,1006201103010C,0,1,54.0,1.0,S,1,,0,2022-01-02 19:21:07
VD-14-0620-003-04,1006201103000C,0,1,0,0,L,0,,0,2022-01-02 19:21:07
VD-14-0620-003-04,1006201103000C,0,1,0,0,S,0,,0,2022-01-02 19:21:07
VD-14-0620-003-05,1006201003030C,0,1,43.0,1.0,L,1,,0,2022-01-02 19:21:07
VD-14-0620-003-05,1006201003030C,0,1,43.0,1.0,S,0,,0,2022-01-02 19:21:07
VD-14-0620-003-06,1006201103010C,0,1,0,0,L,0,,0,2022-01-02 19:21:07
VD-14-0620-003-06,1006201103010C,0,1,0,0,S,0,,0,2022-01-02 19:21:07
VD-14-0620-003-06,1006201103010C,1,1,73.0,4.0,L,0,,0,2022-01-02 19:21:07
VD-14-0620-003-06,1006201103010C,1,1,73.0,4.0,S,5,,0,2022-01-02 19:21:07
VD-14-0620-003-07,1006200000310C,0,1,86.0,2.0,L,1,,0,2022-01-02 19:21:07
VD-14-0620-003-07,1006200000310C,0,1,86.0,2.0,S,1,,0,2022-01-02 19:21:07
VD-14-0620-003-07,1006200000310C,1,1,78.0,4.0,L,1,,0,2022-01-02 19:21:07
VD-14-0620-003-07,1006200000310C,1,1,78.0,4.0,S,4,,0,2022-01-02 19:21:07
VD-14-0620-005-01,1006200100500C,0,1,83.0,2.0,L,0,,0,2022-01-02 19:21:07
VD-14-0620-005-01,1006200100500C,0,1,83.0,2.0,S,3,,0,2022-01-02 19:21:07
VD-14-0620-005-01,1006200100500C,1,1,0,0,L,0,,0,2022-01-02 19:21:07
VD-14-0620-005-01,1006200100500C,1,1,0,0,S,0,,0,2022-01-02 19:21:07
VD-14-0620-005-02,1006200000550C,0,1,0,0,L,0,,0,2022-01-02 19:21:07
VD-14-0620-005-02,1006200000550C,0,1,0,0,S,0,,0,2022-01-02 19:21:07
VD-14-0620-005-02,1006200000550C,1,1,70.0,1.0,L,0,,0,2022-01-02 19:21:07
VD-14-0620-005-02,1006200000550C,1,1,70.0,1.0,S,2,,0,2022-01-02 19:21:07
VD-14-0620-006-01,1006200100670C,0,1,72.0,1.0,L,0,,0,2022-01-02 19:21:07
VD-14-0620-006-01,1006200100670C,0,1,72.0,1.0,S,2,,0,2022-01-02 19:21:07
VD-14-0620-006-01,1006200100670C,1,1,77.0,4.0,L,0,,0,2022-01-02 19:21:07
VD-14-0620-006-01,1006200100670C,1,1,77.0,4.0,S,11,,0,2022-01-02 19:21:07
VD-14-0620-007-01,1006200000700C,0,1,75.0,4.0,L,0,,0,2022-01-02 19:21:07
VD-14-0620-007-01,1006200000700C,0,1,75.0,4.0,S,11,,0,2022-01-02 19:21:07
VD-14-0620-007-01,1006200000700C,1,1,61.0,2.0,L,0,,0,2022-01-02 19:21:07
VD-14-0620-007-01,1006200000700C,1,1,61.0,2.0,S,8,,0,2022-01-02 19:21:07
VD-14-0620-008-01,1006200100860C,0,1,0,0,L,0,,0,2022-01-02 19:21:07
VD-14-0620-008-01,1006200100860C,0,1,0,0,S,0,,0,2022-01-02 19:21:07
VD-14-0620-008-01,1006200100860C,1,1,0,0,L,0,,0,2022-01-02 19:21:07
VD-14-0620-008-01,1006200100860C,1,1,0,0,S,0,,0,2022-01-02 19:21:07
VD-14-0620-009-01,1006201106030C,0,1,51.0,4.0,L,0,,0,2022-01-02 19:21:07
VD-14-0620-009-01,1006201106030C,0,1,51.0,4.0,S,3,,0,2022-01-02 19:21:07
VD-14-0620-009-03,1006201106000C,0,1,50.0,7.0,L,0,,0,2022-01-02 19:21:07
VD-14-0620-009-03,1006201106000C,0,1,50.0,7.0,S,5,,0,2022-01-02 19:21:07
VD-14-0620-009-04,1006201006020C,0,1,42.0,4.0,L,0,,0,2022-01-02 19:21:07
VD-14-0620-009-04,1006201006020C,0,1,42.0,4.0,S,3,,0,2022-01-02 19:21:07
VD-14-0620-009-05,1006201106030C,0,1,0,0,L,0,,0,2022-01-02 19:21:07
VD-14-0620-009-05,1006201106030C,0,1,0,0,S,0,,0,2022-01-02 19:21:07
VD-14-0620-009-06,1006200000900C,0,1,103.0,4.0,L,0,,0,2022-01-02 19:21:07
VD-14-0620-009-06,1006200000900C,0,1,103.0,4.0,S,7,,0,2022-01-02 19:21:07
VD-14-0620-009-06,1006200000900C,1,1,87.0,4.0,L,0,,0,2022-01-02 19:21:07
VD-14-0620-009-06,1006200000900C,1,1,87.0,4.0,S,6,,0,2022-01-02 19:21:07
VD-14-0620-010-01,1006200101000C,0,1,83.0,11.0,L,0,,0,2022-01-02 19:21:07
VD-14-0620-010-01,1006200101000C,0,1,83.0,11.0,S,17,,0,2022-01-02 19:21:07
VD-14-0620-010-01,1006200101000C,1,1,64.5,13.0,L,2,,0,2022-01-02 19:21:07
VD-14-0620-010-01,1006200101000C,1,1,64.5,13.0,S,12,,0,2022-01-02 19:21:07
VD-14-0620-010-02,1006200001000C,0,1,82.0,3.0,L,0,,0,2022-01-02 19:21:07
VD-14-0620-010-02,1006200001000C,0,1,82.0,3.0,S,5,,0,2022-01-02 19:21:07
VD-14-0620-010-02,1006200001000C,1,1,70.0,2.0,L,0,,0,2022-01-02 19:21:07
VD-14-0620-010-02,1006200001000C,1,1,70.0,2.0,S,3,,0,2022-01-02 19:21:07
VD-14-0620-012-01,1006200001200F,0,1,71.0,1.0,L,0,,0,2022-01-02 19:21:07
VD-14-0620-012-01,1006200001200F,0,1,71.0,1.0,S,4,,0,2022-01-02 19:21:07
VD-14-0620-012-01,1006200001200F,1,1,61.0,5.0,L,0,,0,2022-01-02 19:21:07
VD-14-0620-012-01,1006200001200F,1,1,61.0,5.0,S,6,,0,2022-01-02 19:21:07
VD-14-0620-012-02,1006200101200F,0,1,80.0,9.0,L,0,,0,2022-01-02 19:21:07
VD-14-0620-012-02,1006200101200F,0,1,80.0,9.0,S,49,,0,2022-01-02 19:21:07
VD-14-0620-012-02,1006200101200F,1,1,75.0,39.2,L,0,,0,2022-01-02 19:21:07
VD-14-0620-012-02,1006200101200F,1,1,75.0,39.2,S,49,,0,2022-01-02 19:21:07
VD-14-0620-013-01,1006200001340F,0,1,0,0,L,0,,0,2022-01-02 19:21:07
VD-14-0620-013-01,1006200001340F,0,1,0,0,S,0,,0,2022-01-02 19:21:07
VD-14-0620-013-01,1006200001340F,1,1,77.0,1,L,0,,0,2022-01-02 19:21:07
VD-14-0620-013-01,1006200001340F,1,1,77.0,1,S,1,,0,2022-01-02 19:21:07
VD-14-0620-015-01,1006200001500F,0,1,91.0,2.0,L,0,,0,2022-01-02 19:21:07
VD-14-0620-015-01,1006200001500F,0,1,91.0,2.0,S,3,,0,2022-01-02 19:21:07
VD-14-0620-015-01,1006200001500F,1,1,75.0,2.0,L,0,,0,2022-01-02 19:21:07
VD-14-0620-015-01,1006200001500F,1,1,75.0,2.0,S,4,,0,2022-01-02 19:21:07
VD-14-0620-015-02,1006200101500F,0,1,67.0,2.0,L,0,,0,2022-01-02 19:21:07
VD-14-0620-015-02,1006200101500F,0,1,67.0,2.0,S,7,,0,2022-01-02 19:21:07
VD-14-0620-015-02,1006200101500F,1,1,75.0,4.0,L,0,,0,2022-01-02 19:21:07
VD-14-0620-015-02,1006200101500F,1,1,75.0,4.0,S,10,,0,2022-01-02 19:21:07
VD-14-0620-015-03,1006201108010C,0,1,80.0,5.0,L,0,,0,2022-01-02 19:21:07
VD-14-0620-015-03,1006201108010C,0,1,80.0,5.0,S,7,,0,2022-01-02 19:21:07
VD-14-0620-015-03,1006201108010C,1,1,77.0,6.0,L,0,,0,2022-01-02 19:21:07
VD-14-0620-015-03,1006201108010C,1,1,77.0,6.0,S,8,,0,2022-01-02 19:21:07
VD-14-0620-016-01,1006201008030F,0,1,0,0,L,0,,0,2022-01-02 19:21:07
VD-14-0620-016-01,1006201008030F,0,1,0,0,S,0,,0,2022-01-02 19:21:07
VD-14-0620-016-02,1006201008030F,0,1,54.5,9.0,L,1,,0,2022-01-02 19:21:07
VD-14-0620-016-02,1006201008030F,0,1,54.5,9.0,S,6,,0,2022-01-02 19:21:07
VD-14-0620-016-03,1006201108000F,0,1,47.0,6.0,L,0,,0,2022-01-02 19:21:07
VD-14-0620-016-03,1006201108000F,0,1,47.0,6.0,S,4,,0,2022-01-02 19:21:07
VD-14-0620-016-04,1006201108000F,0,1,47.0,2.0,L,0,,0,2022-01-02 19:21:07
VD-14-0620-016-04,1006201108000F,0,1,47.0,2.0,S,2,,0,2022-01-02 19:21:07
VD-14-0620-016-05,1006200101630F,0,1,80.0,3.0,L,0,,0,2022-01-02 19:21:07
VD-14-0620-016-05,1006200101630F,0,1,80.0,3.0,S,4,,0,2022-01-02 19:21:07
VD-14-0620-016-05,1006200101630F,1,1,83.0,4.0,L,0,,0,2022-01-02 19:21:07
VD-14-0620-016-05,1006200101630F,1,1,83.0,4.0,S,5,,0,2022-01-02 19:21:07
VD-14-0620-017-01,1006200101700F,0,1,87.0,19.0,L,3,,0,2022-01-02 19:21:07
VD-14-0620-017-01,1006200101700F,0,1,87.0,19.0,S,17,,0,2022-01-02 19:21:07
VD-14-0620-017-01,1006200101700F,1,1,82.0,20.0,L,6,,0,2022-01-02 19:21:07
VD-14-0620-017-01,1006200101700F,1,1,82.0,20.0,S,14,,0,2022-01-02 19:21:07
VD-14-0620-017-02,1006200001700F,0,1,80.0,3.0,L,1,,0,2022-01-02 19:21:07
VD-14-0620-017-02,1006200001700F,0,1,80.0,3.0,S,4,,0,2022-01-02 19:21:07
VD-14-0620-017-02,1006200001700F,1,1,0,0,L,0,,0,2022-01-02 19:21:07
VD-14-0620-017-02,1006200001700F,1,1,0,0,S,0,,0,2022-01-02 19:21:07
VD-14-0620-018-01,1006201109020F,0,1,0,0,L,0,,0,2022-01-02 19:21:07
VD-14-0620-018-01,1006201109020F,0,1,0,0,S,0,,0,2022-01-02 19:21:07
VD-14-0620-018-01,1006201109020F,1,1,51.0,4.7,L,0,,0,2022-01-02 19:21:07
VD-14-0620-018-01,1006201109020F,1,1,51.0,4.7,S,4,,0,2022-01-02 19:21:07
VD-14-0620-018-02,1006201009000F,0,1,0,0,L,0,,0,2022-01-02 19:21:07
VD-14-0620-018-02,1006201009000F,0,1,0,0,S,0,,0,2022-01-02 19:21:07
VD-14-0620-018-02,1006201009000F,1,1,72.0,1.0,L,0,,0,2022-01-02 19:21:07
VD-14-0620-018-02,1006201009000F,1,1,72.0,1.0,S,1,,0,2022-01-02 19:21:07
VD-14-0620-019-01,1006201009020F,0,1,47.0,1.0,L,0,,0,2022-01-02 19:21:07
VD-14-0620-019-01,1006201009020F,0,1,47.0,1.0,S,1,,0,2022-01-02 19:21:07
VD-14-0620-019-02,1006201109000F,0,1,47.5,12.0,L,1,,0,2022-01-02 19:21:07
VD-14-0620-019-02,1006201109000F,0,1,47.5,12.0,S,9,,0,2022-01-02 19:21:07
VD-14-0620-019-03,1006201109010F,0,1,0,0,L,0,,0,2022-01-02 19:21:07
VD-14-0620-019-03,1006201109010F,0,1,0,0,S,0,,0,2022-01-02 19:21:07
VD-14-062A-001-01,1006210000140C,0,1,89.0,1,L,0,,0,2022-01-02 19:21:07
VD-14-062A-001-01,1006210000140C,0,1,89.0,1,S,2,,0,2022-01-02 19:21:07
VD-14-062A-001-01,1006210000140C,1,1,0,0,L,0,,0,2022-01-02 19:21:07
VD-14-062A-001-01,1006210000140C,1,1,0,0,S,0,,0,2022-01-02 19:21:07
VD-14-062A-004-01,1006210000500F,0,1,74.0,1,L,0,,0,2022-01-02 19:21:07
VD-14-062A-004-01,1006210000500F,0,1,74.0,1,S,1,,0,2022-01-02 19:21:07
VD-14-062A-004-01,1006210000500F,1,1,54.0,1,L,0,,0,2022-01-02 19:21:07
VD-14-062A-004-01,1006210000500F,1,1,54.0,1,S,4,,0,2022-01-02 19:21:07
VD-15-0030-036-01,3000300003610H,0,1,0,0,L,0,,0,2022-01-02 19:21:07
VD-15-0030-036-01,3000300003610H,0,1,0,0,S,0,,0,2022-01-02 19:21:07
VD-15-0030-036-01,3000300003610H,1,1,50.0,2.0,L,0,,0,2022-01-02 19:21:07
VD-15-0030-036-01,3000300003610H,1,1,50.0,2.0,S,3,,0,2022-01-02 19:21:07
VD-15-0030-038-01,3000300103610H,0,1,41.5,11.0,L,3,,0,2022-01-02 19:21:07
VD-15-0030-038-01,3000300103610H,0,1,41.5,11.0,S,8,,0,2022-01-02 19:21:07
VD-15-0030-038-01,3000300103610H,1,1,41.0,10.0,L,4,,0,2022-01-02 19:21:07
VD-15-0030-038-01,3000300103610H,1,1,41.0,10.0,S,9,,0,2022-01-02 19:21:07
VD-15-0030-039-02,3000300003968H,0,1,26.0,7.0,L,0,,0,2022-01-02 19:21:07
VD-15-0030-039-02,3000300003968H,0,1,26.0,7.0,S,7,,0,2022-01-02 19:21:07
VD-15-0030-039-02,3000300003968H,1,1,29.0,8.0,L,0,,0,2022-01-02 19:21:07
VD-15-0030-039-02,3000300003968H,1,1,29.0,8.0,S,9,,0,2022-01-02 19:21:07
VD-15-0030-041-02,3000300004095H,0,1,40.0,10.0,L,0,,0,2022-01-02 19:21:07
VD-15-0030-041-02,3000300004095H,0,1,40.0,10.0,S,12,,0,2022-01-02 19:21:07
VD-15-0030-041-02,3000300004095H,1,1,34.0,5.0,L,0,,0,2022-01-02 19:21:07
VD-15-0030-041-02,3000300004095H,1,1,34.0,5.0,S,7,,0,2022-01-02 19:21:07
VD-15-0030-042-01,3000300004192H,0,1,53.0,1.0,L,0,,0,2022-01-02 19:21:07
VD-15-0030-042-01,3000300004192H,0,1,53.0,1.0,S,3,,0,2022-01-02 19:21:07
VD-15-0030-042-01,3000300004192H,1,1,51.0,2.0,L,0,,0,2022-01-02 19:21:07
VD-15-0030-042-01,3000300004192H,1,1,51.0,2.0,S,4,,0,2022-01-02 19:21:07
VD-15-0030-044-01,3000300004467H,0,1,54.0,3.0,L,0,,0,2022-01-02 19:21:07
VD-15-0030-044-01,3000300004467H,0,1,54.0,3.0,S,6,,0,2022-01-02 19:21:07
VD-15-0030-044-01,3000300004467H,1,1,39.0,4.0,L,0,,0,2022-01-02 19:21:07
VD-15-0030-044-01,3000300004467H,1,1,39.0,4.0,S,5,,0,2022-01-02 19:21:07
VD-15-0030-047-01,3000300004690H,0,1,47.0,9.0,L,4,,0,2022-01-02 19:21:07
VD-15-0030-047-01,3000300004690H,0,1,47.0,9.0,S,22,,0,2022-01-02 19:21:07
VD-15-0030-047-01,3000300004690H,1,1,50.0,1.0,L,0,,0,2022-01-02 19:21:07
VD-15-0030-047-01,3000300004690H,1,1,50.0,1.0,S,2,,0,2022-01-02 19:21:07
VD-15-0030-049-01,3000300004892H,0,1,48.0,5.0,L,0,,0,2022-01-02 19:21:07
VD-15-0030-049-01,3000300004892H,0,1,48.0,5.0,S,9,,0,2022-01-02 19:21:07
VD-15-0030-049-01,3000300004892H,1,1,55.0,2.0,L,0,,0,2022-01-02 19:21:07
VD-15-0030-049-01,3000300004892H,1,1,55.0,2.0,S,4,,0,2022-01-02 19:21:07
VD-15-0030-052-01,3000300005220H,0,1,0,0,L,0,,0,2022-01-02 19:21:07
VD-15-0030-052-01,3000300005220H,0,1,0,0,S,0,,0,2022-01-02 19:21:07
VD-15-0030-052-01,3000300005220H,1,1,27.0,8.9,L,0,,0,2022-01-02 19:21:07
VD-15-0030-052-01,3000300005220H,1,1,27.0,8.9,S,4,,0,2022-01-02 19:21:07
VD-15-003B-002-01,3000320000200H,0,1,69.0,1.0,L,0,,0,2022-01-02 19:21:07
VD-15-003B-002-01,3000320000200H,0,1,69.0,1.0,S,2,,0,2022-01-02 19:21:07
VD-15-003B-002-01,3000320000200H,1,1,0,0,L,0,,0,2022-01-02 19:21:07
VD-15-003B-002-01,3000320000200H,1,1,0,0,S,0,,0,2022-01-02 19:21:07
VD-15-003B-010-01,3000320001003H,0,1,0,0,L,0,,0,2022-01-02 19:21:07
VD-15-003B-010-01,3000320001003H,0,1,0,0,S,0,,0,2022-01-02 19:21:07
VD-15-003B-010-01,3000320001003H,1,1,0,0,L,0,,0,2022-01-02 19:21:07
VD-15-003B-010-01,3000320001003H,1,1,0,0,S,0,,0,2022-01-02 19:21:07
VD-15-0040-026-01,3000400002627H,0,1,47.5,7.0,L,1,,0,2022-01-02 19:21:07
VD-15-0040-026-01,3000400002627H,0,1,47.5,7.0,S,15,,0,2022-01-02 19:21:07
VD-15-0040-026-01,3000400002627H,1,1,42.5,10.0,L,2,,0,2022-01-02 19:21:07
VD-15-0040-026-01,3000400002627H,1,1,42.5,10.0,S,10,,0,2022-01-02 19:21:07
VD-15-0040-027-01,3000400002979H,0,1,51.0,4.0,L,0,,0,2022-01-02 19:21:07
VD-15-0040-027-01,3000400002979H,0,1,51.0,4.0,S,9,,0,2022-01-02 19:21:07
VD-15-0040-027-01,3000400002979H,1,1,54.0,1.0,L,0,,0,2022-01-02 19:21:07
VD-15-0040-027-01,3000400002979H,1,1,54.0,1.0,S,3,,0,2022-01-02 19:21:07
VD-15-0040-029-01,3000400002979H,0,1,48.0,1,L,2,,0,2022-01-02 19:21:07
VD-15-0040-029-01,3000400002979H,0,1,48.0,1,S,0,,0,2022-01-02 19:21:07
VD-15-0040-029-01,3000400002979H,1,1,48.0,7.5,L,0,,0,2022-01-02 19:21:07
VD-15-0040-029-01,3000400002979H,1,1,48.0,7.5,S,6,,0,2022-01-02 19:21:07
VD-15-0040-030-01,3000400003066H,0,1,24.0,1.0,L,0,,0,2022-01-02 19:21:07
VD-15-0040-030-01,3000400003066H,0,1,24.0,1.0,S,1,,0,2022-01-02 19:21:07
VD-15-0040-030-01,3000400003066H,1,1,30.0,1.0,L,0,,0,2022-01-02 19:21:07
VD-15-0040-030-01,3000400003066H,1,1,30.0,1.0,S,1,,0,2022-01-02 19:21:07
VD-15-0040-031-01,3000400003104H,0,1,52.0,1.0,L,0,,0,2022-01-02 19:21:07
VD-15-0040-031-01,3000400003104H,0,1,52.0,1.0,S,3,,0,2022-01-02 19:21:07
VD-15-0040-031-01,3000400003104H,1,1,73.0,1.0,L,0,,0,2022-01-02 19:21:07
VD-15-0040-031-01,3000400003104H,1,1,73.0,1.0,S,1,,0,2022-01-02 19:21:07
VD-15-0040-034-01,3000400003334H,0,1,39.0,1.0,L,0,,0,2022-01-02 19:21:07
VD-15-0040-034-01,3000400003334H,0,1,39.0,1.0,S,2,,0,2022-01-02 19:21:07
VD-15-0040-034-01,3000400003334H,1,1,0,0,L,0,,0,2022-01-02 19:21:07
VD-15-0040-034-01,3000400003334H,1,1,0,0,S,0,,0,2022-01-02 19:21:07
VD-15-0040-037-01,3000400103825H,0,1,37.0,2.0,L,0,,0,2022-01-02 19:21:07
VD-15-0040-037-01,3000400103825H,0,1,37.0,2.0,S,3,,0,2022-01-02 19:21:07
VD-15-0040-037-01,3000400103825H,1,1,0,0,L,0,,0,2022-01-02 19:21:07
VD-15-0040-037-01,3000400103825H,1,1,0,0,S,0,,0,2022-01-02 19:21:07
VD-15-0070-000-01,3000700000000H,0,1,10.5,19.0,L,1,,0,2022-01-02 19:21:07
VD-15-0070-000-01,3000700000000H,0,1,10.5,19.0,S,4,,0,2022-01-02 19:21:07
VD-15-0070-001-01,3000700000097H,0,1,41.0,2.0,L,0,,0,2022-01-02 19:21:07
VD-15-0070-001-01,3000700000097H,0,1,41.0,2.0,S,3,,0,2022-01-02 19:21:07
VD-15-0070-001-01,3000700000097H,1,1,50.0,1.0,L,0,,0,2022-01-02 19:21:07
VD-15-0070-001-01,3000700000097H,1,1,50.0,1.0,S,2,,0,2022-01-02 19:21:07
VD-15-0070-006-01,3000700000510H,0,1,50.0,1.0,L,0,,0,2022-01-02 19:21:07
VD-15-0070-006-01,3000700000510H,0,1,50.0,1.0,S,2,,0,2022-01-02 19:21:07
VD-15-0070-006-01,3000700000510H,1,1,63.0,1.0,L,0,,0,2022-01-02 19:21:07
VD-15-0070-006-01,3000700000510H,1,1,63.0,1.0,S,4,,0,2022-01-02 19:21:07
VD-15-0070-011-01,3000700001419H,0,1,54.0,1.0,L,0,,0,2022-01-02 19:21:07
VD-15-0070-011-01,3000700001419H,0,1,54.0,1.0,S,4,,0,2022-01-02 19:21:07
VD-15-0070-015-01,3000700002144H,0,1,0,0,L,0,,0,2022-01-02 19:21:07
VD-15-0070-015-01,3000700002144H,0,1,0,0,S,0,,0,2022-01-02 19:21:07
VD-15-007B-013-01,3000720001379H,0,1,43.0,1,L,0,,0,2022-01-02 19:21:07
VD-15-007B-013-01,3000720001379H,0,1,43.0,1,S,1,,0,2022-01-02 19:21:07
VD-16-0010-052-01,3000100005184J,0,1,61.0,3.0,L,0,,0,2022-01-02 19:21:07
VD-16-0010-052-01,3000100005184J,0,1,61.0,3.0,S,7,,0,2022-01-02 19:21:07
VD-16-0010-052-01,3000100005184J,1,1,66.0,2.0,L,0,,0,2022-01-02 19:21:07
VD-16-0010-052-01,3000100005184J,1,1,66.0,2.0,S,6,,0,2022-01-02 19:21:07
VD-16-0010-063-01,3000100006328J,0,1,45.0,6.0,L,0,,0,2022-01-02 19:21:07
VD-16-0010-063-01,3000100006328J,0,1,45.0,6.0,S,10,,0,2022-01-02 19:21:07
VD-16-0010-063-01,3000100006328J,1,1,58.5,1.0,L,1,,0,2022-01-02 19:21:07
VD-16-0010-063-01,3000100006328J,1,1,58.5,1.0,S,1,,0,2022-01-02 19:21:07
VD-16-0010-065-01,3000100006563J,0,1,48.0,10.0,L,0,,0,2022-01-02 19:21:07
VD-16-0010-065-01,3000100006563J,0,1,48.0,10.0,S,15,,0,2022-01-02 19:21:07
VD-16-0010-065-01,3000100006563J,1,1,62.5,3.0,L,1,,0,2022-01-02 19:21:07
VD-16-0010-065-01,3000100006563J,1,1,62.5,3.0,S,4,,0,2022-01-02 19:21:07
VD-16-0010-066-01,3000100006563J,0,1,57.0,4.0,L,1,,0,2022-01-02 19:21:07
VD-16-0010-066-01,3000100006563J,0,1,57.0,4.0,S,7,,0,2022-01-02 19:21:07
VD-16-0010-066-01,3000100006563J,1,1,65.0,2.0,L,0,,0,2022-01-02 19:21:07
VD-16-0010-066-01,3000100006563J,1,1,65.0,2.0,S,6,,0,2022-01-02 19:21:07
VD-16-0010-070-01,3000100007012J,0,1,63.0,1.0,L,0,,0,2022-01-02 19:21:07
VD-16-0010-070-01,3000100007012J,0,1,63.0,1.0,S,2,,0,2022-01-02 19:21:07
VD-16-0010-070-01,3000100007012J,1,1,19.0,8.0,L,1,,0,2022-01-02 19:21:07
VD-16-0010-070-01,3000100007012J,1,1,19.0,8.0,S,3,,0,2022-01-02 19:21:07
VD-16-0010-070-01,3000100007012J,2,1,45.5,8.0,L,5,,0,2022-01-02 19:21:07
VD-16-0010-070-01,3000100007012J,2,1,45.5,8.0,S,6,,0,2022-01-02 19:21:07
VD-16-0010-085-01,3000100008482O,0,1,48.0,4.0,L,0,,0,2022-01-02 19:21:07
VD-16-0010-085-01,3000100008482O,0,1,48.0,4.0,S,7,,0,2022-01-02 19:21:07
VD-16-0010-085-01,3000100008482O,1,1,53.0,1.0,L,0,,0,2022-01-02 19:21:07
VD-16-0010-085-01,3000100008482O,1,1,53.0,1.0,S,1,,0,2022-01-02 19:21:07
VD-16-0030-060-01,3000300005900J,0,1,65.0,7.4,L,0,,0,2022-01-02 19:21:07
VD-16-0030-060-01,3000300005900J,0,1,65.0,7.4,S,8,,0,2022-01-02 19:21:07
VD-16-0030-060-01,3000300005900J,1,1,68.0,1,L,0,,0,2022-01-02 19:21:07
VD-16-0030-060-01,3000300005900J,1,1,68.0,1,S,2,,0,2022-01-02 19:21:07
VD-16-0030-067-01,3000300006627J,0,1,65.0,2.0,L,0,,0,2022-01-02 19:21:07
VD-16-0030-067-01,3000300006627J,0,1,65.0,2.0,S,5,,0,2022-01-02 19:21:07
VD-16-0030-067-01,3000300006627J,1,1,56.0,1.0,L,0,,0,2022-01-02 19:21:07
VD-16-0030-067-01,3000300006627J,1,1,56.0,1.0,S,2,,0,2022-01-02 19:21:07
VD-16-0030-071-01,3000300006943J,0,1,55.0,2.0,L,0,,0,2022-01-02 19:21:07
VD-16-0030-071-01,3000300006943J,0,1,55.0,2.0,S,5,,0,2022-01-02 19:21:07
VD-16-0030-071-01,3000300006943J,1,1,50.0,1.0,L,0,,0,2022-01-02 19:21:07
VD-16-0030-071-01,3000300006943J,1,1,50.0,1.0,S,1,,0,2022-01-02 19:21:07
VD-16-0030-073-01,3000300007247J,0,1,45.0,5.0,L,0,,0,2022-01-02 19:21:07
VD-16-0030-073-01,3000300007247J,0,1,45.0,5.0,S,7,,0,2022-01-02 19:21:07
VD-16-0030-073-01,3000300007247J,1,1,47.5,2.0,L,1,,0,2022-01-02 19:21:07
VD-16-0030-073-01,3000300007247J,1,1,47.5,2.0,S,2,,0,2022-01-02 19:21:07
VD-16-0030-074-01,3000300007407J,0,1,29.0,2.0,L,1,,0,2022-01-02 19:21:07
VD-16-0030-074-01,3000300007407J,0,1,29.0,2.0,S,0,,0,2022-01-02 19:21:07
VD-16-0030-074-01,3000300007407J,1,1,27.5,6.0,L,2,,0,2022-01-02 19:21:07
VD-16-0030-074-01,3000300007407J,1,1,27.5,6.0,S,2,,0,2022-01-02 19:21:07
VD-16-0030-077-01,3000300007672J,0,1,61.0,2.0,L,0,,0,2022-01-02 19:21:07
VD-16-0030-077-01,3000300007672J,0,1,61.0,2.0,S,6,,0,2022-01-02 19:21:07
VD-16-0030-077-01,3000300007672J,1,1,0,0,L,0,,0,2022-01-02 19:21:07
VD-16-0030-077-01,3000300007672J,1,1,0,0,S,0,,0,2022-01-02 19:21:07
VD-16-0030-077-02,3000300007672J,0,1,30.0,2.0,L,0,,0,2022-01-02 19:21:07
VD-16-0030-077-02,3000300007672J,0,1,30.0,2.0,S,2,,0,2022-01-02 19:21:07
VD-16-0030-077-02,3000300007672J,1,1,67.0,1.0,L,0,,0,2022-01-02 19:21:07
VD-16-0030-077-02,3000300007672J,1,1,67.0,1.0,S,2,,0,2022-01-02 19:21:07
VD-16-0150-066-01,3001500006698J,0,1,46.0,1,L,0,,0,2022-01-02 19:21:07
VD-16-0150-066-01,3001500006698J,0,1,46.0,1,S,1,,0,2022-01-02 19:21:07
VD-16-0150-066-01,3001500006698J,1,1,0,0,L,0,,0,2022-01-02 19:21:07
VD-16-0150-066-01,3001500006698J,1,1,0,0,S,0,,0,2022-01-02 19:21:07
VD-16-0150-066-01,3001500006698J,2,1,0,0,L,0,,0,2022-01-02 19:21:07
VD-16-0150-066-01,3001500006698J,2,1,0,0,S,0,,0,2022-01-02 19:21:07
VD-16-0150-066-02,3001500106725J,0,1,0,0,L,0,,0,2022-01-02 19:21:07
VD-16-0150-066-02,3001500106725J,0,1,0,0,S,0,,0,2022-01-02 19:21:07
VD-16-0150-066-02,3001500106725J,1,1,54.5,2.2,L,1,,0,2022-01-02 19:21:07
VD-16-0150-066-02,3001500106725J,1,1,54.5,2.2,S,1,,0,2022-01-02 19:21:07
VD-16-0150-066-02,3001500106725J,2,1,0,0,L,0,,0,2022-01-02 19:21:07
VD-16-0150-066-02,3001500106725J,2,1,0,0,S,0,,0,2022-01-02 19:21:07
VD-16-0150-067-01,3001500006824J,0,1,56.0,1,L,0,,0,2022-01-02 19:21:07
VD-16-0150-067-01,3001500006824J,0,1,56.0,1,S,2,,0,2022-01-02 19:21:07
VD-16-0150-067-01,3001500006824J,1,1,0,0,L,0,,0,2022-01-02 19:21:07
VD-16-0150-067-01,3001500006824J,1,1,0,0,S,0,,0,2022-01-02 19:21:07
VD-16-0150-067-02,3001500106826J,0,1,62.0,1.9,L,0,,0,2022-01-02 19:21:07
VD-16-0150-067-02,3001500106826J,0,1,62.0,1.9,S,2,,0,2022-01-02 19:21:07
VD-16-0150-067-02,3001500106826J,1,1,56.0,4.3,L,0,,0,2022-01-02 19:21:07
VD-16-0150-067-02,3001500106826J,1,1,56.0,4.3,S,4,,0,2022-01-02 19:21:07
VD-16-0150-068-01,3001500006824J,0,1,54.0,1,L,0,,0,2022-01-02 19:21:07
VD-16-0150-068-01,3001500006824J,0,1,54.0,1,S,1,,0,2022-01-02 19:21:07
VD-16-0150-068-01,3001500006824J,1,1,0,0,L,0,,0,2022-01-02 19:21:07
VD-16-0150-068-01,3001500006824J,1,1,0,0,S,0,,0,2022-01-02 19:21:07
VD-16-0150-068-02,3001500106826J,0,1,0,0,L,0,,0,2022-01-02 19:21:07
VD-16-0150-068-02,3001500106826J,0,1,0,0,S,0,,0,2022-01-02 19:21:07
VD-16-0150-068-02,3001500106826J,1,1,48.5,2.5,L,1,,0,2022-01-02 19:21:07
VD-16-0150-068-02,3001500106826J,1,1,48.5,2.5,S,1,,0,2022-01-02 19:21:07
VD-16-0150-072-01,3001500007204J,0,1,47.0,23.0,L,0,,0,2022-01-02 19:21:07
VD-16-0150-072-01,3001500007204J,0,1,47.0,23.0,S,18,,0,2022-01-02 19:21:07
VD-16-0150-072-01,3001500007204J,1,1,44.0,20.5,L,0,,0,2022-01-02 19:21:07
VD-16-0150-072-01,3001500007204J,1,1,44.0,20.5,S,15,,0,2022-01-02 19:21:07
VD-16-0150-072-02,3001500007204J,0,1,55.5,11.0,L,4,,0,2022-01-02 19:21:07
VD-16-0150-072-02,3001500007204J,0,1,55.5,11.0,S,11,,0,2022-01-02 19:21:07
VD-16-0150-072-02,3001500007204J,1,1,61.5,11.0,L,5,,0,2022-01-02 19:21:07
VD-16-0150-072-02,3001500007204J,1,1,61.5,11.0,S,20,,0,2022-01-02 19:21:07
VD-16-0150-073-01,3001500007382O,0,1,30.0,2.0,L,0,,0,2022-01-02 19:21:07
VD-16-0150-073-01,3001500007382O,0,1,30.0,2.0,S,1,,0,2022-01-02 19:21:07
VD-16-0150-073-01,3001500007382O,1,1,29.0,3.0,L,0,,0,2022-01-02 19:21:07
VD-16-0150-073-01,3001500007382O,1,1,29.0,3.0,S,1,,0,2022-01-02 19:21:07
VD-16-0150-073-01,3001500007382O,2,1,25.0,4.0,L,0,,0,2022-01-02 19:21:07
VD-16-0150-073-01,3001500007382O,2,1,25.0,4.0,S,1,,0,2022-01-02 19:21:07
VD-16-0150-073-02,3001500007382O,0,1,30.0,1.0,L,0,,0,2022-01-02 19:21:07
VD-16-0150-073-02,3001500007382O,0,1,30.0,1.0,S,2,,0,2022-01-02 19:21:07
VD-16-0150-073-02,3001500007382O,1,1,0,0,L,0,,0,2022-01-02 19:21:07
VD-16-0150-073-02,3001500007382O,1,1,0,0,S,0,,0,2022-01-02 19:21:07
VD-16-0150-073-02,3001500007382O,2,1,0,0,L,0,,0,2022-01-02 19:21:07
VD-16-0150-073-02,3001500007382O,2,1,0,0,S,0,,0,2022-01-02 19:21:07
VD-16-0150-074-01,3001500007387O,0,1,30.5,23.0,L,6,,0,2022-01-02 19:21:07
VD-16-0150-074-01,3001500007387O,0,1,30.5,23.0,S,36,,0,2022-01-02 19:21:07
VD-16-0150-075-01,3001500007538O,0,1,60.0,3.0,L,0,,0,2022-01-02 19:21:07
VD-16-0150-075-01,3001500007538O,0,1,60.0,3.0,S,7,,0,2022-01-02 19:21:07
VD-16-0150-075-01,3001500007538O,1,1,0,0,L,0,,0,2022-01-02 19:21:07
VD-16-0150-075-01,3001500007538O,1,1,0,0,S,0,,0,2022-01-02 19:21:07
VD-16-0150-076-01,3001500007619O,0,1,66.0,1.0,L,0,,0,2022-01-02 19:21:07
VD-16-0150-076-01,3001500007619O,0,1,66.0,1.0,S,3,,0,2022-01-02 19:21:07
VD-16-0150-076-01,3001500007619O,1,1,45.0,1.0,L,0,,0,2022-01-02 19:21:07
VD-16-0150-076-01,3001500007619O,1,1,45.0,1.0,S,2,,0,2022-01-02 19:21:07
VD-16-0150-076-02,3001500007619O,0,1,56.0,2.0,L,0,,0,2022-01-02 19:21:07
VD-16-0150-076-02,3001500007619O,0,1,56.0,2.0,S,4,,0,2022-01-02 19:21:07
VD-16-0150-076-02,3001500007619O,1,1,0,0,L,0,,0,2022-01-02 19:21:07
VD-16-0150-076-02,3001500007619O,1,1,0,0,S,0,,0,2022-01-02 19:21:07
VD-16-0150-077-01,3001500007707O,0,1,30.0,8.0,L,0,,0,2022-01-02 19:21:07
VD-16-0150-077-01,3001500007707O,0,1,30.0,8.0,S,7,,0,2022-01-02 19:21:07
VD-16-0150-077-01,3001500007707O,1,1,9.5,8.0,L,1,,0,2022-01-02 19:21:07
VD-16-0150-077-01,3001500007707O,1,1,9.5,8.0,S,2,,0,2022-01-02 19:21:07
VD-16-0610-066-02,1006100006600J,0,1,74.5,1.0,L,2,,0,2022-01-02 19:21:07
VD-16-0610-066-02,1006100006600J,0,1,74.5,1.0,S,3,,0,2022-01-02 19:21:07
VD-16-0610-066-02,1006100006600J,1,1,67.0,2.0,L,1,,0,2022-01-02 19:21:07
VD-16-0610-066-02,1006100006600J,1,1,67.0,2.0,S,2,,0,2022-01-02 19:21:07
VD-16-0610-066-03,1006100106620J,0,1,54.0,7.0,L,0,,0,2022-01-02 19:21:07
VD-16-0610-066-03,1006100106620J,0,1,54.0,7.0,S,9,,0,2022-01-02 19:21:07
VD-16-0610-066-03,1006100106620J,1,1,56.0,8.0,L,0,,0,2022-01-02 19:21:07
VD-16-0610-066-03,1006100106620J,1,1,56.0,8.0,S,8,,0,2022-01-02 19:21:07
VD-16-0610-067-01,1006100006700J,0,1,76.5,1.0,L,2,,0,2022-01-02 19:21:07
VD-16-0610-067-01,1006100006700J,0,1,76.5,1.0,S,3,,0,2022-01-02 19:21:07
VD-16-0610-067-01,1006100006700J,1,1,58.0,2.0,L,2,,0,2022-01-02 19:21:07
VD-16-0610-067-01,1006100006700J,1,1,58.0,2.0,S,2,,0,2022-01-02 19:21:07
VD-16-0610-067-02,1006100106700J,0,1,76.0,5.5,L,0,,0,2022-01-02 19:21:07
VD-16-0610-067-02,1006100106700J,0,1,76.0,5.5,S,7,,0,2022-01-02 19:21:07
VD-16-0610-067-02,1006100106700J,1,1,59.0,5.1,L,0,,0,2022-01-02 19:21:07
VD-16-0610-067-02,1006100106700J,1,1,59.0,5.1,S,5,,0,2022-01-02 19:21:07
VD-16-0610-068-01,1006100006800J,0,1,77.0,1.6,L,0,,0,2022-01-02 19:21:07
VD-16-0610-068-01,1006100006800J,0,1,77.0,1.6,S,2,,0,2022-01-02 19:21:07
VD-16-0610-068-01,1006100006800J,1,1,77.0,2.3,L,3,,0,2022-01-02 19:21:07
VD-16-0610-068-01,1006100006800J,1,1,77.0,2.3,S,0,,0,2022-01-02 19:21:07
VD-16-0610-068-02,1006100106800J,0,1,60.5,7.0,L,2,,0,2022-01-02 19:21:07
VD-16-0610-068-02,1006100106800J,0,1,60.5,7.0,S,7,,0,2022-01-02 19:21:07
VD-16-0610-068-02,1006100106800J,1,1,61.0,7.0,L,0,,0,2022-01-02 19:21:07
VD-16-0610-068-02,1006100106800J,1,1,61.0,7.0,S,6,,0,2022-01-02 19:21:07
VD-16-0610-069-01,1006100106900J,0,1,55.0,8.0,L,7,,0,2022-01-02 19:21:07
VD-16-0610-069-01,1006100106900J,0,1,55.0,8.0,S,13,,0,2022-01-02 19:21:07
VD-16-0610-069-01,1006100106900J,1,1,46.0,26.1,L,20,,0,2022-01-02 19:21:07
VD-16-0610-069-01,1006100106900J,1,1,46.0,26.1,S,0,,0,2022-01-02 19:21:07
VD-16-0610-081-01,1006100008240O,0,1,0,0,L,0,,0,2022-01-02 19:21:07
VD-16-0610-081-01,1006100008240O,0,1,0,0,S,0,,0,2022-01-02 19:21:07
VD-16-0610-081-01,1006100008240O,1,1,93.0,1,L,0,,0,2022-01-02 19:21:07
VD-16-0610-081-01,1006100008240O,1,1,93.0,1,S,4,,0,2022-01-02 19:21:07
VD-16-0610-081-02,1006100008240O,0,1,54.0,1.0,L,0,,0,2022-01-02 19:21:07
VD-16-0610-081-02,1006100008240O,0,1,54.0,1.0,S,2,,0,2022-01-02 19:21:07
VD-16-0610-081-02,1006100008240O,1,1,0,0,L,0,,0,2022-01-02 19:21:07
VD-16-0610-081-02,1006100008240O,1,1,0,0,S,0,,0,2022-01-02 19:21:07
VD-16-0610-081-02,1006100008240O,2,1,45.5,9.0,L,2,,0,2022-01-02 19:21:07
VD-16-0610-081-02,1006100008240O,2,1,45.5,9.0,S,13,,0,2022-01-02 19:21:07
VD-16-0610-081-02,1006100008240O,3,1,58.0,10.0,L,6,,0,2022-01-02 19:21:07
VD-16-0610-081-02,1006100008240O,3,1,58.0,10.0,S,11,,0,2022-01-02 19:21:07
VD-16-0610-082-01,1006100008400O,0,1,67.0,1,L,0,,0,2022-01-02 19:21:07
VD-16-0610-082-01,1006100008400O,0,1,67.0,1,S,2,,0,2022-01-02 19:21:07
VD-16-0610-082-01,1006100008400O,1,1,66.0,5.5,L,0,,0,2022-01-02 19:21:07
VD-16-0610-082-01,1006100008400O,1,1,66.0,5.5,S,6,,0,2022-01-02 19:21:07
VD-16-0610-082-02,1006100008400O,0,1,67.0,1.0,L,0,,0,2022-01-02 19:21:07
VD-16-0610-082-02,1006100008400O,0,1,67.0,1.0,S,1,,0,2022-01-02 19:21:07
VD-16-0610-082-02,1006100008400O,1,1,66.0,1.0,L,0,,0,2022-01-02 19:21:07
VD-16-0610-082-02,1006100008400O,1,1,66.0,1.0,S,3,,0,2022-01-02 19:21:07
VD-16-0610-082-02,1006100008400O,2,1,70.0,1.0,L,0,,0,2022-01-02 19:21:07
VD-16-0610-082-02,1006100008400O,2,1,70.0,1.0,S,1,,0,2022-01-02 19:21:07
VD-16-0610-082-02,1006100008400O,3,1,0,0,L,0,,0,2022-01-02 19:21:07
VD-16-0610-082-02,1006100008400O,3,1,0,0,S,0,,0,2022-01-02 19:21:07
VD-16-0610-083-01,1006100008530O,0,1,75.0,9.0,L,1,,0,2022-01-02 19:21:07
VD-16-0610-083-01,1006100008530O,0,1,75.0,9.0,S,14,,0,2022-01-02 19:21:07
VD-16-0610-083-01,1006100008530O,1,1,71.0,4.0,L,0,,0,2022-01-02 19:21:07
VD-16-0610-083-01,1006100008530O,1,1,71.0,4.0,S,10,,0,2022-01-02 19:21:07
VD-16-0610-083-01,1006100008530O,2,1,70.0,1.0,L,0,,0,2022-01-02 19:21:07
VD-16-0610-083-01,1006100008530O,2,1,70.0,1.0,S,4,,0,2022-01-02 19:21:07
VD-16-0610-083-01,1006100008530O,3,1,62.0,1.0,L,0,,0,2022-01-02 19:21:07
VD-16-0610-083-01,1006100008530O,3,1,62.0,1.0,S,3,,0,2022-01-02 19:21:07
VD-16-0610-083-02,1006100008530O,0,1,65.0,1.0,L,0,,0,2022-01-02 19:21:07
VD-16-0610-083-02,1006100008530O,0,1,65.0,1.0,S,2,,0,2022-01-02 19:21:07
VD-16-0610-083-02,1006100008530O,1,1,52.0,2.0,L,2,,0,2022-01-02 19:21:07
VD-16-0610-083-02,1006100008530O,1,1,52.0,2.0,S,3,,0,2022-01-02 19:21:07
VD-16-0610-083-02,1006100008530O,2,1,58.0,3.0,L,0,,0,2022-01-02 19:21:07
VD-16-0610-083-02,1006100008530O,2,1,58.0,3.0,S,6,,0,2022-01-02 19:21:07
VD-16-0610-083-02,1006100008530O,3,1,56.0,2.0,L,0,,0,2022-01-02 19:21:07
VD-16-0610-083-02,1006100008530O,3,1,56.0,2.0,S,5,,0,2022-01-02 19:21:07
VD-16-1180-024-01,4011800002527J,0,1,46.0,1.0,L,0,,0,2022-01-02 19:21:07
VD-16-1180-024-01,4011800002527J,0,1,46.0,1.0,S,1,,0,2022-01-02 19:21:07
VD-16-1180-024-01,4011800002527J,1,1,60.0,1.0,L,0,,0,2022-01-02 19:21:07
VD-16-1180-024-01,4011800002527J,1,1,60.0,1.0,S,3,,0,2022-01-02 19:21:07
VD-21-0010-090-01,3000100008995K,0,1,-99,-99,L,-99,,3,2022-01-02 19:21:07
VD-21-0010-090-01,3000100008995K,0,1,-99,-99,S,-99,,3,2022-01-02 19:21:07
VD-21-0010-090-01,3000100008995K,1,1,-99,-99,L,-99,,3,2022-01-02 19:21:07
VD-21-0010-090-01,3000100008995K,1,1,-99,-99,S,-99,,3,2022-01-02 19:21:07
VD-21-0010-090-01,3000100108995K,0,1,-99,-99,L,-99,,3,2022-01-02 19:21:07
VD-21-0010-090-01,3000100108995K,0,1,-99,-99,S,-99,,3,2022-01-02 19:21:07
VD-21-0010-090-01,3000100108995K,1,1,-99,-99,L,-99,,3,2022-01-02 19:21:07
VD-21-0010-090-01,3000100108995K,1,1,-99,-99,S,-99,,3,2022-01-02 19:21:07
VD-21-0010-093-01,3000100009318K,0,1,-99,-99,L,-99,,3,2022-01-02 19:21:07
VD-21-0010-093-01,3000100009318K,0,1,-99,-99,S,-99,,3,2022-01-02 19:21:07
VD-21-0010-093-01,3000100009318K,1,1,-99,-99,L,-99,,3,2022-01-02 19:21:07
VD-21-0010-093-01,3000100009318K,1,1,-99,-99,S,-99,,3,2022-01-02 19:21:07
VD-21-0010-093-01,3000100109319K,0,1,-99,-99,L,-99,,3,2022-01-02 19:21:07
VD-21-0010-093-01,3000100109319K,0,1,-99,-99,S,-99,,3,2022-01-02 19:21:07
VD-21-0010-093-01,3000100109319K,1,1,-99,-99,L,-99,,3,2022-01-02 19:21:07
VD-21-0010-093-01,3000100109319K,1,1,-99,-99,S,-99,,3,2022-01-02 19:21:07
VD-21-0010-099-01,3000100009879K,0,1,57.0,1.0,L,0,,0,2022-01-02 19:21:07
VD-21-0010-099-01,3000100009879K,0,1,57.0,1.0,S,3,,0,2022-01-02 19:21:07
VD-21-0010-099-01,3000100009879K,1,1,63.0,1.0,L,1,,0,2022-01-02 19:21:07
VD-21-0010-099-01,3000100009879K,1,1,63.0,1.0,S,0,,0,2022-01-02 19:21:07
VD-21-0010-102-01,3000100010193K,0,1,57.0,1.0,L,0,,0,2022-01-02 19:21:07
VD-21-0010-102-01,3000100010193K,0,1,57.0,1.0,S,3,,0,2022-01-02 19:21:07
VD-21-0010-102-01,3000100010193K,1,1,64.0,1.0,L,0,,0,2022-01-02 19:21:07
VD-21-0010-102-01,3000100010193K,1,1,64.0,1.0,S,3,,0,2022-01-02 19:21:07
VD-21-0010-107-01,3000100010770K,0,1,-99,-99,L,-99,,3,2022-01-02 19:21:07
VD-21-0010-107-01,3000100010770K,0,1,-99,-99,S,-99,,3,2022-01-02 19:21:07
VD-21-0010-107-01,3000100010770K,1,1,-99,-99,L,-99,,3,2022-01-02 19:21:07
VD-21-0010-107-01,3000100010770K,1,1,-99,-99,S,-99,,3,2022-01-02 19:21:07
VD-21-0010-107-01,3000100110771K,0,1,-99,-99,L,-99,,3,2022-01-02 19:21:07
VD-21-0010-107-01,3000100110771K,0,1,-99,-99,S,-99,,3,2022-01-02 19:21:07
VD-21-0010-107-01,3000100110771K,1,1,-99,-99,L,-99,,3,2022-01-02 19:21:07
VD-21-0010-107-01,3000100110771K,1,1,-99,-99,S,-99,,3,2022-01-02 19:21:07
VD-21-0010-111-01,3000100011108K,0,1,42.0,2.0,L,0,,0,2022-01-02 19:21:07
VD-21-0010-111-01,3000100011108K,0,1,42.0,2.0,S,2,,0,2022-01-02 19:21:07
VD-21-0010-111-01,3000100011108K,1,1,56.0,1.0,L,0,,0,2022-01-02 19:21:07
VD-21-0010-111-01,3000100011108K,1,1,56.0,1.0,S,3,,0,2022-01-02 19:21:07
VD-21-0010-112-01,3000100011219K,0,1,0,0,L,0,,0,2022-01-02 19:21:07
VD-21-0010-112-01,3000100011219K,0,1,0,0,S,0,,0,2022-01-02 19:21:07
VD-21-0010-112-01,3000100011219K,1,1,0,0,L,0,,0,2022-01-02 19:21:07
VD-21-0010-112-01,3000100011219K,1,1,0,0,S,0,,0,2022-01-02 19:21:07
VD-21-0010-112-01,3000100011219K,2,1,0,0,L,0,,0,2022-01-02 19:21:07
VD-21-0010-112-01,3000100011219K,2,1,0,0,S,0,,0,2022-01-02 19:21:07
VD-21-0010-123-01,3000100012340K,0,1,0,0,L,0,,0,2022-01-02 19:21:07
VD-21-0010-123-01,3000100012340K,0,1,0,0,S,0,,0,2022-01-02 19:21:07
VD-21-0010-123-01,3000100012340K,1,1,0,0,L,0,,0,2022-01-02 19:21:07
VD-21-0010-123-01,3000100012340K,1,1,0,0,S,0,,0,2022-01-02 19:21:07
VD-21-0010-131-01,3000100013023K,0,1,69.0,1,L,0,,0,2022-01-02 19:21:07
VD-21-0010-131-01,3000100013023K,0,1,69.0,1,S,2,,0,2022-01-02 19:21:07
VD-21-0010-131-01,3000100013023K,1,1,61.0,1,L,0,,0,2022-01-02 19:21:07
VD-21-0010-131-01,3000100013023K,1,1,61.0,1,S,1,,0,2022-01-02 19:21:07
VD-21-0010-131-01,3000100013023K,2,1,0,0,L,0,,0,2022-01-02 19:21:07
VD-21-0010-131-01,3000100013023K,2,1,0,0,S,0,,0,2022-01-02 19:21:07
VD-21-0010-132-01,3000100013313K,0,1,-99,-99,L,-99,,3,2022-01-02 19:21:07
VD-21-0010-132-01,3000100013313K,0,1,-99,-99,S,-99,,3,2022-01-02 19:21:07
VD-21-0010-132-01,3000100013313K,1,1,-99,-99,L,-99,,3,2022-01-02 19:21:07
VD-21-0010-132-01,3000100013313K,1,1,-99,-99,S,-99,,3,2022-01-02 19:21:07
VD-21-0010-132-01,3000100013313K,2,1,-99,-99,L,-99,,3,2022-01-02 19:21:07
VD-21-0010-132-01,3000100013313K,2,1,-99,-99,S,-99,,3,2022-01-02 19:21:07
VD-21-0010-132-01,3000100113313K,0,1,-99,-99,L,-99,,3,2022-01-02 19:21:07
VD-21-0010-132-01,3000100113313K,0,1,-99,-99,S,-99,,3,2022-01-02 19:21:07
VD-21-0010-132-01,3000100113313K,1,1,-99,-99,L,-99,,3,2022-01-02 19:21:07
VD-21-0010-132-01,3000100113313K,1,1,-99,-99,S,-99,,3,2022-01-02 19:21:07
VD-21-0010-132-01,3000100113313K,2,1,-99,-99,L,-99,,3,2022-01-02 19:21:07
VD-21-0010-132-01,3000100113313K,2,1,-99,-99,S,-99,,3,2022-01-02 19:21:07
VD-21-001F-001-01,3000160000132K,0,1,-99,-99,L,-99,,3,2022-01-02 19:21:07
VD-21-001F-001-01,3000160000132K,0,1,-99,-99,S,-99,,3,2022-01-02 19:21:07
VD-21-001F-001-01,3000160000132K,1,1,-99,-99,L,-99,,3,2022-01-02 19:21:07
VD-21-001F-001-01,3000160000132K,1,1,-99,-99,S,-99,,3,2022-01-02 19:21:07
VD-21-001F-001-01,3000160100133K,0,1,-99,-99,L,-99,,3,2022-01-02 19:21:07
VD-21-001F-001-01,3000160100133K,0,1,-99,-99,S,-99,,3,2022-01-02 19:21:07
VD-21-001F-001-01,3000160100133K,1,1,-99,-99,L,-99,,3,2022-01-02 19:21:07
VD-21-001F-001-01,3000160100133K,1,1,-99,-99,S,-99,,3,2022-01-02 19:21:07
VD-21-0030-094-01,3000300009366K,0,1,-99,-99,L,-99,,3,2022-01-02 19:21:07
VD-21-0030-094-01,3000300009366K,0,1,-99,-99,S,-99,,3,2022-01-02 19:21:07
VD-21-0030-094-01,3000300009366K,1,1,-99,-99,L,-99,,3,2022-01-02 19:21:07
VD-21-0030-094-01,3000300009366K,1,1,-99,-99,S,-99,,3,2022-01-02 19:21:07
VD-21-0030-094-01,3000300109366K,0,1,-99,-99,L,-99,,3,2022-01-02 19:21:07
VD-21-0030-094-01,3000300109366K,0,1,-99,-99,S,-99,,3,2022-01-02 19:21:07
VD-21-0030-094-01,3000300109366K,1,1,-99,-99,L,-99,,3,2022-01-02 19:21:07
VD-21-0030-094-01,3000300109366K,1,1,-99,-99,S,-99,,3,2022-01-02 19:21:07
VD-21-0030-105-01,3000300010441K,0,1,-99,-99,L,-99,,3,2022-01-02 19:21:07
VD-21-0030-105-01,3000300010441K,0,1,-99,-99,S,-99,,3,2022-01-02 19:21:07
VD-21-0030-105-01,3000300010441K,1,1,-99,-99,L,-99,,3,2022-01-02 19:21:07
VD-21-0030-105-01,3000300010441K,1,1,-99,-99,S,-99,,3,2022-01-02 19:21:07
VD-21-0030-105-01,3000300110441K,0,1,-99,-99,L,-99,,3,2022-01-02 19:21:07
VD-21-0030-105-01,3000300110441K,0,1,-99,-99,S,-99,,3,2022-01-02 19:21:07
VD-21-0030-105-01,3000300110441K,1,1,-99,-99,L,-99,,3,2022-01-02 19:21:07
VD-21-0030-105-01,3000300110441K,1,1,-99,-99,S,-99,,3,2022-01-02 19:21:07
VD-21-0030-125-01,3000300012496K,0,1,-99,-99,L,-99,,3,2022-01-02 19:21:07
VD-21-0030-125-01,3000300012496K,0,1,-99,-99,S,-99,,3,2022-01-02 19:21:07
VD-21-0030-125-01,3000300012496K,1,1,-99,-99,L,-99,,3,2022-01-02 19:21:07
VD-21-0030-125-01,3000300012496K,1,1,-99,-99,S,-99,,3,2022-01-02 19:21:07
VD-21-0030-125-01,3000300112496K,0,1,-99,-99,L,-99,,3,2022-01-02 19:21:07
VD-21-0030-125-01,3000300112496K,0,1,-99,-99,S,-99,,3,2022-01-02 19:21:07
VD-21-0030-125-01,3000300112496K,1,1,-99,-99,L,-99,,3,2022-01-02 19:21:07
VD-21-0030-125-01,3000300112496K,1,1,-99,-99,S,-99,,3,2022-01-02 19:21:07
VD-21-0030-130-01,3000300012793K,0,1,50.0,1.0,L,0,,0,2022-01-02 19:21:07
VD-21-0030-130-01,3000300012793K,0,1,50.0,1.0,S,3,,0,2022-01-02 19:21:07
VD-21-0030-130-01,3000300012793K,1,1,58.0,1.0,L,0,,0,2022-01-02 19:21:07
VD-21-0030-130-01,3000300012793K,1,1,58.0,1.0,S,3,,0,2022-01-02 19:21:07
VD-21-0030-134-01,3000300013415K,0,1,-99,-99,L,-99,,3,2022-01-02 19:21:07
VD-21-0030-134-01,3000300013415K,0,1,-99,-99,S,-99,,3,2022-01-02 19:21:07
VD-21-0030-134-01,3000300013415K,1,1,-99,-99,L,-99,,3,2022-01-02 19:21:07
VD-21-0030-134-01,3000300013415K,1,1,-99,-99,S,-99,,3,2022-01-02 19:21:07
VD-21-0030-134-01,3000300113415K,0,1,-99,-99,L,-99,,3,2022-01-02 19:21:07
VD-21-0030-134-01,3000300113415K,0,1,-99,-99,S,-99,,3,2022-01-02 19:21:07
VD-21-0030-134-01,3000300113415K,1,1,-99,-99,L,-99,,3,2022-01-02 19:21:07
VD-21-0030-134-01,3000300113415K,1,1,-99,-99,S,-99,,3,2022-01-02 19:21:07
VD-21-0060-002-01,3000600000239K,0,1,-99,-99,L,-99,,3,2022-01-02 19:21:07
VD-21-0060-002-01,3000600000239K,0,1,-99,-99,S,-99,,3,2022-01-02 19:21:07
VD-21-0060-002-01,3000600000239K,1,1,-99,-99,L,-99,,3,2022-01-02 19:21:07
VD-21-0060-002-01,3000600000239K,1,1,-99,-99,S,-99,,3,2022-01-02 19:21:07
VD-21-0060-002-01,3000600100239K,0,1,-99,-99,L,-99,,3,2022-01-02 19:21:07
VD-21-0060-002-01,3000600100239K,0,1,-99,-99,S,-99,,3,2022-01-02 19:21:07
VD-21-0060-002-01,3000600100239K,1,1,-99,-99,L,-99,,3,2022-01-02 19:21:07
VD-21-0060-002-01,3000600100239K,1,1,-99,-99,S,-99,,3,2022-01-02 19:21:07
VD-21-0060-003-01,3000600000326K,0,1,46.0,1.0,L,0,,0,2022-01-02 19:21:07
VD-21-0060-003-01,3000600000326K,0,1,46.0,1.0,S,3,,0,2022-01-02 19:21:07
VD-21-0060-003-01,3000600000326K,1,1,46.0,9.1,L,0,,0,2022-01-02 19:21:07
VD-21-0060-003-01,3000600000326K,1,1,46.0,9.1,S,7,,0,2022-01-02 19:21:07
VD-21-0060-030-01,3000600002997K,0,1,-99,-99,L,-99,,3,2022-01-02 19:21:07
VD-21-0060-030-01,3000600002997K,0,1,-99,-99,S,-99,,3,2022-01-02 19:21:07
VD-21-0060-030-01,3000600102997K,0,1,-99,-99,L,-99,,3,2022-01-02 19:21:07
VD-21-0060-030-01,3000600102997K,0,1,-99,-99,S,-99,,3,2022-01-02 19:21:07
VD-21-0130-002-01,3001300000180K,0,1,-99,-99,L,-99,,3,2022-01-02 19:21:07
VD-21-0130-002-01,3001300000180K,0,1,-99,-99,S,-99,,3,2022-01-02 19:21:07
VD-21-0130-002-01,3001300000180K,1,1,-99,-99,L,-99,,3,2022-01-02 19:21:07
VD-21-0130-002-01,3001300000180K,1,1,-99,-99,S,-99,,3,2022-01-02 19:21:07
VD-21-0130-002-01,3001300100180K,0,1,-99,-99,L,-99,,3,2022-01-02 19:21:07
VD-21-0130-002-01,3001300100180K,0,1,-99,-99,S,-99,,3,2022-01-02 19:21:07
VD-21-0130-002-01,3001300100180K,1,1,-99,-99,L,-99,,3,2022-01-02 19:21:07
VD-21-0130-002-01,3001300100180K,1,1,-99,-99,S,-99,,3,2022-01-02 19:21:07
VD-21-0130-004-01,3001300000466K,0,1,0,0,L,0,,0,2022-01-02 19:21:07
VD-21-0130-004-01,3001300000466K,0,1,0,0,S,0,,0,2022-01-02 19:21:07
VD-21-0130-004-01,3001300000466K,1,1,48.0,1.0,L,0,,0,2022-01-02 19:21:07
VD-21-0130-004-01,3001300000466K,1,1,48.0,1.0,S,2,,0,2022-01-02 19:21:07
VD-21-0130-007-01,3001300000702K,0,1,41.0,1,L,0,,0,2022-01-02 19:21:07
VD-21-0130-007-01,3001300000702K,0,1,41.0,1,S,3,,0,2022-01-02 19:21:07
VD-21-0130-007-01,3001300000702K,1,1,49.0,1,L,0,,0,2022-01-02 19:21:07
VD-21-0130-007-01,3001300000702K,1,1,49.0,1,S,1,,0,2022-01-02 19:21:07
VD-21-0130-016-01,3001300001576K,0,1,61.0,1.0,L,0,,0,2022-01-02 19:21:07
VD-21-0130-016-01,3001300001576K,0,1,61.0,1.0,S,3,,0,2022-01-02 19:21:07
VD-21-0130-016-01,3001300001576K,1,1,0,0,L,0,,0,2022-01-02 19:21:07
VD-21-0130-016-01,3001300001576K,1,1,0,0,S,0,,0,2022-01-02 19:21:07
VD-21-0130-023-01,3001300002341K,0,1,0,0,L,0,,0,2022-01-02 19:21:07
VD-21-0130-023-01,3001300002341K,0,1,0,0,S,0,,0,2022-01-02 19:21:07
VD-21-0130-023-01,3001300002341K,1,1,0,0,L,0,,0,2022-01-02 19:21:07
VD-21-0130-023-01,3001300002341K,1,1,0,0,S,0,,0,2022-01-02 19:21:07
VD-21-0130-026-01,3001300102555K,0,1,0,0,L,0,,0,2022-01-02 19:21:07
VD-21-0130-026-01,3001300102555K,0,1,0,0,S,0,,0,2022-01-02 19:21:07
VD-21-0130-026-01,3001300102555K,1,1,48.0,1,L,0,,0,2022-01-02 19:21:07
VD-21-0130-026-01,3001300102555K,1,1,48.0,1,S,1,,0,2022-01-02 19:21:07
VD-21-0130-031-01,3001300003110K,0,1,48.0,3.0,L,0,,0,2022-01-02 19:21:07
VD-21-0130-031-01,3001300003110K,0,1,48.0,3.0,S,6,,0,2022-01-02 19:21:07
VD-21-0130-031-01,3001300003110K,1,1,53.0,1.0,L,0,,0,2022-01-02 19:21:07
VD-21-0130-031-01,3001300003110K,1,1,53.0,1.0,S,2,,0,2022-01-02 19:21:07
VD-21-0130-043-01,3001300004256K,0,1,43.0,1,L,0,,0,2022-01-02 19:21:07
VD-21-0130-043-01,3001300004256K,0,1,43.0,1,S,1,,0,2022-01-02 19:21:07
VD-21-0130-048-01,3001300004788K,0,1,-99,-99,L,-99,,3,2022-01-02 19:21:07
VD-21-0130-048-01,3001300004788K,0,1,-99,-99,S,-99,,3,2022-01-02 19:21:07
VD-21-0130-048-01,3001300104788K,0,1,-99,-99,L,-99,,3,2022-01-02 19:21:07
VD-21-0130-048-01,3001300104788K,0,1,-99,-99,S,-99,,3,2022-01-02 19:21:07
VD-21-0130-049-01,3001300004918K,0,1,68.0,3.5,L,0,,0,2022-01-02 19:21:07
VD-21-0130-049-01,3001300004918K,0,1,68.0,3.5,S,4,,0,2022-01-02 19:21:07
VD-21-013A-003-01,3001310000289K,0,1,-99,-99,L,-99,,3,2022-01-02 19:21:07
VD-21-013A-003-01,3001310000289K,0,1,-99,-99,S,-99,,3,2022-01-02 19:21:07
VD-21-013A-003-01,3001310000289K,1,1,-99,-99,L,-99,,3,2022-01-02 19:21:07
VD-21-013A-003-01,3001310000289K,1,1,-99,-99,S,-99,,3,2022-01-02 19:21:07
VD-21-013A-003-01,3001310100289K,0,1,-99,-99,L,-99,,3,2022-01-02 19:21:07
VD-21-013A-003-01,3001310100289K,0,1,-99,-99,S,-99,,3,2022-01-02 19:21:07
VD-21-013A-003-01,3001310100289K,1,1,-99,-99,L,-99,,3,2022-01-02 19:21:07
VD-21-013A-003-01,3001310100289K,1,1,-99,-99,S,-99,,3,2022-01-02 19:21:07
VD-21-013A-013-01,3001310001277K,0,1,40.0,1,L,0,,0,2022-01-02 19:21:07
VD-21-013A-013-01,3001310001277K,0,1,40.0,1,S,1,,0,2022-01-02 19:21:07
VD-21-013A-013-01,3001310001277K,1,1,44.0,8.2,L,0,,0,2022-01-02 19:21:07
VD-21-013A-013-01,3001310001277K,1,1,44.0,8.2,S,6,,0,2022-01-02 19:21:07
VD-21-0610-089-01,1006100009100K,0,1,81.0,1.0,L,0,,0,2022-01-02 19:21:07
VD-21-0610-089-01,1006100009100K,0,1,81.0,1.0,S,3,,0,2022-01-02 19:21:07
VD-21-0610-089-01,1006100009100K,1,1,78.0,1.0,L,0,,0,2022-01-02 19:21:07
VD-21-0610-089-01,1006100009100K,1,1,78.0,1.0,S,3,,0,2022-01-02 19:21:07
VD-21-0610-090-01,1006100009100K,0,1,64.0,2.0,L,0,,0,2022-01-02 19:21:07
VD-21-0610-090-01,1006100009100K,0,1,64.0,2.0,S,9,,0,2022-01-02 19:21:07
VD-21-0610-091-01,1006100109310K,0,1,64.5,6.0,L,1,,0,2022-01-02 19:21:07
VD-21-0610-091-01,1006100109310K,0,1,64.5,6.0,S,12,,0,2022-01-02 19:21:07
VD-21-0610-091-01,1006100109310K,1,1,72.5,5.0,L,3,,0,2022-01-02 19:21:07
VD-21-0610-091-01,1006100109310K,1,1,72.5,5.0,S,12,,0,2022-01-02 19:21:07
VD-21-0610-091-02,1006100009310K,0,1,101.0,1.0,L,0,,0,2022-01-02 19:21:07
VD-21-0610-091-02,1006100009310K,0,1,101.0,1.0,S,1,,0,2022-01-02 19:21:07
VD-21-0610-091-02,1006100009310K,1,1,91.0,1.0,L,0,,0,2022-01-02 19:21:07
VD-21-0610-091-02,1006100009310K,1,1,91.0,1.0,S,3,,0,2022-01-02 19:21:07
VD-21-0610-094-01,1006100109610K,0,1,-99,-99,L,-99,,3,2022-01-02 19:21:07
VD-21-0610-094-01,1006100109610K,0,1,-99,-99,S,-99,,3,2022-01-02 19:21:07
VD-21-0610-094-01,1006100109610K,1,1,-99,-99,L,-99,,3,2022-01-02 19:21:07
VD-21-0610-094-01,1006100109610K,1,1,-99,-99,S,-99,,3,2022-01-02 19:21:07
VD-21-0610-099-01,1006100110110K,0,1,0,0,L,0,,0,2022-01-02 19:21:07
VD-21-0610-099-01,1006100110110K,0,1,0,0,S,0,,0,2022-01-02 19:21:07
VD-21-0610-099-01,1006100110110K,1,1,0,0,L,0,,0,2022-01-02 19:21:07
VD-21-0610-099-01,1006100110110K,1,1,0,0,S,0,,0,2022-01-02 19:21:07
VD-21-0610-099-01,1006100110110K,2,1,57.0,1.0,L,1,,0,2022-01-02 19:21:07
VD-21-0610-099-01,1006100110110K,2,1,57.0,1.0,S,0,,0,2022-01-02 19:21:07
VD-21-0610-099-01,1006100110110K,3,1,55.0,1.0,L,0,,0,2022-01-02 19:21:07
VD-21-0610-099-01,1006100110110K,3,1,55.0,1.0,S,1,,0,2022-01-02 19:21:07
VD-21-0610-103-01,1006100010410K,0,1,107.0,1,L,0,,0,2022-01-02 19:21:07
VD-21-0610-103-01,1006100010410K,0,1,107.0,1,S,1,,0,2022-01-02 19:21:07
VD-21-0610-103-01,1006100010410K,1,1,72.0,3.0,L,1,,0,2022-01-02 19:21:07
VD-21-0610-103-01,1006100010410K,1,1,72.0,3.0,S,4,,0,2022-01-02 19:21:07
VD-21-0610-106-01,1006100110750K,0,1,69.0,3.0,L,2,,0,2022-01-02 19:21:07
VD-21-0610-106-01,1006100110750K,0,1,69.0,3.0,S,4,,0,2022-01-02 19:21:07
VD-21-0610-106-01,1006100110750K,1,1,94.0,1.0,L,0,,0,2022-01-02 19:21:07
VD-21-0610-106-01,1006100110750K,1,1,94.0,1.0,S,2,,0,2022-01-02 19:21:07
VD-21-0610-111-01,1006100011200K,0,1,-99,-99,L,-99,,3,2022-01-02 19:21:07
VD-21-0610-111-01,1006100011200K,0,1,-99,-99,S,-99,,3,2022-01-02 19:21:07
VD-21-0610-111-01,1006100011200K,1,1,-99,-99,L,-99,,3,2022-01-02 19:21:07
VD-21-0610-111-01,1006100011200K,1,1,-99,-99,S,-99,,3,2022-01-02 19:21:07
VD-21-0610-114-01,1006100111500K,0,1,80.5,4.0,L,1,,0,2022-01-02 19:21:07
VD-21-0610-114-01,1006100111500K,0,1,80.5,4.0,S,10,,0,2022-01-02 19:21:07
VD-21-0610-114-01,1006100111500K,1,1,92.0,3.0,L,0,,0,2022-01-02 19:21:07
VD-21-0610-114-01,1006100111500K,1,1,92.0,3.0,S,11,,0,2022-01-02 19:21:07
VD-21-0610-120-01,1006100012000K,0,1,59.0,1,L,0,,0,2022-01-02 19:21:07
VD-21-0610-120-01,1006100012000K,0,1,59.0,1,S,3,,0,2022-01-02 19:21:07
VD-21-0610-120-01,1006100012000K,1,1,80.0,1,L,0,,0,2022-01-02 19:21:07
VD-21-0610-120-01,1006100012000K,1,1,80.0,1,S,1,,0,2022-01-02 19:21:07
VD-21-0610-126-01,1006100012600K,0,1,85.0,1.0,L,0,,0,2022-01-02 19:21:07
VD-21-0610-126-01,1006100012600K,0,1,85.0,1.0,S,5,,0,2022-01-02 19:21:07
VD-21-0610-126-01,1006100012600K,1,1,88.0,1.0,L,0,,0,2022-01-02 19:21:07
VD-21-0610-126-01,1006100012600K,1,1,88.0,1.0,S,1,,0,2022-01-02 19:21:07
VD-21-0610-126-02,1006100012700K,0,1,-99,-99,L,-99,,3,2022-01-02 19:21:07
VD-21-0610-126-02,1006100012700K,0,1,-99,-99,S,-99,,3,2022-01-02 19:21:07
VD-22-0010-143-01,3000100014380B,0,1,89.0,1.0,L,0,,0,2022-01-02 19:21:07
VD-22-0010-143-01,3000100014380B,0,1,89.0,1.0,S,1,,0,2022-01-02 19:21:07
VD-22-0010-143-01,3000100014380B,1,1,69.0,1.0,L,0,,0,2022-01-02 19:21:07
VD-22-0010-143-01,3000100014380B,1,1,69.0,1.0,S,4,,0,2022-01-02 19:21:07
VD-22-0010-143-01,3000100014380B,2,1,0,0,L,0,,0,2022-01-02 19:21:07
VD-22-0010-143-01,3000100014380B,2,1,0,0,S,0,,0,2022-01-02 19:21:07
VD-22-0010-150-01,3000100014986B,0,1,0,0,L,0,,0,2022-01-02 19:21:07
VD-22-0010-150-01,3000100014986B,0,1,0,0,S,0,,0,2022-01-02 19:21:07
VD-22-0010-150-01,3000100014986B,1,1,83.0,1.0,L,0,,0,2022-01-02 19:21:07
VD-22-0010-150-01,3000100014986B,1,1,83.0,1.0,S,3,,0,2022-01-02 19:21:07
VD-22-0010-150-01,3000100014986B,2,1,0,0,L,0,,0,2022-01-02 19:21:07
VD-22-0010-150-01,3000100014986B,2,1,0,0,S,0,,0,2022-01-02 19:21:07
VD-22-0010-159-01,3000100015936B,0,1,0,0,L,0,,0,2022-01-02 19:21:07
VD-22-0010-159-01,3000100015936B,0,1,0,0,S,0,,0,2022-01-02 19:21:07
VD-22-0010-159-01,3000100015936B,1,1,57.0,3.0,L,0,,0,2022-01-02 19:21:07
VD-22-0010-159-01,3000100015936B,1,1,57.0,3.0,S,7,,0,2022-01-02 19:21:07
VD-22-0010-159-01,3000100015936B,2,1,69.0,1.0,L,0,,0,2022-01-02 19:21:07
VD-22-0010-159-01,3000100015936B,2,1,69.0,1.0,S,1,,0,2022-01-02 19:21:07
VD-22-0010-168-01,3000100016786B,0,1,53.0,1,L,0,,0,2022-01-02 19:21:07
VD-22-0010-168-01,3000100016786B,0,1,53.0,1,S,1,,0,2022-01-02 19:21:07
VD-22-0010-168-01,3000100016786B,1,1,58.0,5.2,L,0,,0,2022-01-02 19:21:07
VD-22-0010-168-01,3000100016786B,1,1,58.0,5.2,S,5,,0,2022-01-02 19:21:07
VD-22-0010-168-01,3000100016786B,2,1,0,0,L,0,,0,2022-01-02 19:21:07
VD-22-0010-168-01,3000100016786B,2,1,0,0,S,0,,0,2022-01-02 19:21:07
VD-22-0010-175-01,3000100017426B,0,1,0,0,L,0,,0,2022-01-02 19:21:07
VD-22-0010-175-01,3000100017426B,0,1,0,0,S,0,,0,2022-01-02 19:21:07
VD-22-0010-175-01,3000100017426B,1,1,51.0,1,L,0,,0,2022-01-02 19:21:07
VD-22-0010-175-01,3000100017426B,1,1,51.0,1,S,3,,0,2022-01-02 19:21:07
VD-22-0010-175-01,3000100017426B,2,1,48.0,1,L,0,,0,2022-01-02 19:21:07
VD-22-0010-175-01,3000100017426B,2,1,48.0,1,S,2,,0,2022-01-02 19:21:07
VD-22-0010-183-01,3000100018254B,0,1,85.0,1.0,L,0,,0,2022-01-02 19:21:07
VD-22-0010-183-01,3000100018254B,0,1,85.0,1.0,S,6,,0,2022-01-02 19:21:07
VD-22-0010-183-01,3000100018254B,1,1,80.0,3.0,L,0,,0,2022-01-02 19:21:07
VD-22-0010-183-01,3000100018254B,1,1,80.0,3.0,S,10,,0,2022-01-02 19:21:07
VD-22-001B-001-01,3000120000092B,0,1,41.0,7.0,L,1,,0,2022-01-02 19:21:07
VD-22-001B-001-01,3000120000092B,0,1,41.0,7.0,S,15,,0,2022-01-02 19:21:07
VD-22-001B-001-01,3000120000092B,1,1,28.0,1,L,0,,0,2022-01-02 19:21:07
VD-22-001B-001-01,3000120000092B,1,1,28.0,1,S,2,,0,2022-01-02 19:21:07
VD-22-001B-021-01,3000120002146B,0,1,46.0,1,L,0,,0,2022-01-02 19:21:07
VD-22-001B-021-01,3000120002146B,0,1,46.0,1,S,1,,0,2022-01-02 19:21:07
VD-22-001B-021-01,3000120002146B,1,1,62.0,4.8,L,0,,0,2022-01-02 19:21:07
VD-22-001B-021-01,3000120002146B,1,1,62.0,4.8,S,5,,0,2022-01-02 19:21:07
VD-22-001B-021-01,3000120002146B,2,1,69.0,4.0,L,2,,0,2022-01-02 19:21:07
VD-22-001B-021-01,3000120002146B,2,1,69.0,4.0,S,6,,0,2022-01-02 19:21:07
VD-22-0030-151-01,3000300014954B,0,1,45.0,1,L,0,,0,2022-01-02 19:21:07
VD-22-0030-151-01,3000300014954B,0,1,45.0,1,S,1,,0,2022-01-02 19:21:07
VD-22-0030-151-01,3000300014954B,1,1,51.0,1,L,0,,0,2022-01-02 19:21:07
VD-22-0030-151-01,3000300014954B,1,1,51.0,1,S,2,,0,2022-01-02 19:21:07
VD-22-0030-153-01,3000300015339B,0,1,58.0,1.0,L,0,,0,2022-01-02 19:21:07
VD-22-0030-153-01,3000300015339B,0,1,58.0,1.0,S,1,,0,2022-01-02 19:21:07
VD-22-0030-153-01,3000300015339B,1,1,0,0,L,0,,0,2022-01-02 19:21:07
VD-22-0030-153-01,3000300015339B,1,1,0,0,S,0,,0,2022-01-02 19:21:07
VD-22-0030-161-01,3000300015858B,0,1,72.0,1.0,L,0,,0,2022-01-02 19:21:07
VD-22-0030-161-01,3000300015858B,0,1,72.0,1.0,S,5,,0,2022-01-02 19:21:07
VD-22-0030-161-01,3000300015858B,1,1,56.0,4.0,L,1,,0,2022-01-02 19:21:07
VD-22-0030-161-01,3000300015858B,1,1,56.0,4.0,S,8,,0,2022-01-02 19:21:07
VD-22-0030-162-01,3000300016151B,0,1,56.0,3.0,L,0,,0,2022-01-02 19:21:07
VD-22-0030-162-01,3000300016151B,0,1,56.0,3.0,S,10,,0,2022-01-02 19:21:07
VD-22-0030-162-01,3000300016151B,1,1,40.0,1,L,0,,0,2022-01-02 19:21:07
VD-22-0030-162-01,3000300016151B,1,1,40.0,1,S,1,,0,2022-01-02 19:21:07
VD-22-0030-164-01,3000300116437B,0,1,56.0,5.0,L,0,,0,2022-01-02 19:21:07
VD-22-0030-164-01,3000300116437B,0,1,56.0,5.0,S,11,,0,2022-01-02 19:21:07
VD-22-0030-164-01,3000300116437B,1,1,68.0,4.0,L,0,,0,2022-01-02 19:21:07
VD-22-0030-164-01,3000300116437B,1,1,68.0,4.0,S,10,,0,2022-01-02 19:21:07
VD-22-0030-169-01,3000300016827B,0,1,53.0,1.0,L,0,,0,2022-01-02 19:21:07
VD-22-0030-169-01,3000300016827B,0,1,53.0,1.0,S,3,,0,2022-01-02 19:21:07
VD-22-0030-169-01,3000300016827B,1,1,45.0,9.3,L,0,,0,2022-01-02 19:21:07
VD-22-0030-169-01,3000300016827B,1,1,45.0,9.3,S,7,,0,2022-01-02 19:21:07
VD-22-0030-172-01,3000300017198B,0,1,66.0,2.0,L,0,,0,2022-01-02 19:21:07
VD-22-0030-172-01,3000300017198B,0,1,66.0,2.0,S,5,,0,2022-01-02 19:21:07
VD-22-0030-172-01,3000300017198B,1,1,52.0,3.0,L,0,,0,2022-01-02 19:21:07
VD-22-0030-172-01,3000300017198B,1,1,52.0,3.0,S,5,,0,2022-01-02 19:21:07
VD-22-0030-190-01,3000300018902B,0,1,57.0,1,L,0,,0,2022-01-02 19:21:07
VD-22-0030-190-01,3000300018902B,0,1,57.0,1,S,1,,0,2022-01-02 19:21:07
VD-22-0030-190-01,3000300018902B,1,1,51.0,3.0,L,1,,0,2022-01-02 19:21:07
VD-22-0030-190-01,3000300018902B,1,1,51.0,3.0,S,4,,0,2022-01-02 19:21:07
VD-22-0030-190-01,3000300018902B,2,1,59.0,1,L,0,,0,2022-01-02 19:21:07
VD-22-0030-190-01,3000300018902B,2,1,59.0,1,S,2,,0,2022-01-02 19:21:07
VD-22-0100-002-01,3001000000183B,0,1,51.0,1,L,0,,0,2022-01-02 19:21:07
VD-22-0100-002-01,3001000000183B,0,1,51.0,1,S,2,,0,2022-01-02 19:21:07
VD-22-0100-002-01,3001000000183B,1,1,0,0,L,0,,0,2022-01-02 19:21:07
VD-22-0100-002-01,3001000000183B,1,1,0,0,S,0,,0,2022-01-02 19:21:07
VD-22-0100-007-01,3001000000701B,0,1,58.0,10.0,L,0,,0,2022-01-02 19:21:07
VD-22-0100-007-01,3001000000701B,0,1,58.0,10.0,S,22,,0,2022-01-02 19:21:07
VD-22-0100-007-01,3001000000701B,1,1,62.0,8.0,L,1,,0,2022-01-02 19:21:07
VD-22-0100-007-01,3001000000701B,1,1,62.0,8.0,S,15,,0,2022-01-02 19:21:07
VD-22-0100-007-01,3001000000701B,2,1,79.0,6.0,L,1,,0,2022-01-02 19:21:07
VD-22-0100-007-01,3001000000701B,2,1,79.0,6.0,S,18,,0,2022-01-02 19:21:07
VD-22-0100-010-01,3001000001085B,0,1,88.0,2.0,L,0,,0,2022-01-02 19:21:07
VD-22-0100-010-01,3001000001085B,0,1,88.0,2.0,S,7,,0,2022-01-02 19:21:07
VD-22-0100-010-01,3001000001085B,1,1,73.0,4.0,L,0,,0,2022-01-02 19:21:07
VD-22-0100-010-01,3001000001085B,1,1,73.0,4.0,S,10,,0,2022-01-02 19:21:07
VD-22-0100-019-01,3001000001862B,0,1,0,0,L,0,,0,2022-01-02 19:21:07
VD-22-0100-019-01,3001000001862B,0,1,0,0,S,0,,0,2022-01-02 19:21:07
VD-22-0100-019-01,3001000001862B,1,1,62.0,1.0,L,0,,0,2022-01-02 19:21:07
VD-22-0100-019-01,3001000001862B,1,1,62.0,1.0,S,1,,0,2022-01-02 19:21:07
VD-22-0100-019-01,3001000001862B,2,1,0,0,L,0,,0,2022-01-02 19:21:07
VD-22-0100-019-01,3001000001862B,2,1,0,0,S,0,,0,2022-01-02 19:21:07
VD-22-0100-020-01,3001000001980B,0,1,38.0,1.0,L,0,,0,2022-01-02 19:21:07
VD-22-0100-020-01,3001000001980B,0,1,38.0,1.0,S,2,,0,2022-01-02 19:21:07
VD-22-0100-020-01,3001000001980B,1,1,51.0,4.0,L,0,,0,2022-01-02 19:21:07
VD-22-0100-020-01,3001000001980B,1,1,51.0,4.0,S,10,,0,2022-01-02 19:21:07
VD-22-0100-020-01,3001000001980B,2,1,51.0,6.0,L,1,,0,2022-01-02 19:21:07
VD-22-0100-020-01,3001000001980B,2,1,51.0,6.0,S,7,,0,2022-01-02 19:21:07
VD-22-010B-003-01,3001020000277B,0,1,-99,-99,L,-99,,3,2022-01-02 19:21:07
VD-22-010B-003-01,3001020000277B,0,1,-99,-99,S,-99,,3,2022-01-02 19:21:07
VD-22-010B-003-01,3001020100277B,0,1,-99,-99,L,-99,,3,2022-01-02 19:21:07
VD-22-010B-003-01,3001020100277B,0,1,-99,-99,S,-99,,3,2022-01-02 19:21:07
VD-22-010B-004-01,3001020000429B,0,1,32.0,2.0,L,0,,0,2022-01-02 19:21:07
VD-22-010B-004-01,3001020000429B,0,1,32.0,2.0,S,2,,0,2022-01-02 19:21:07
VD-22-010B-004-01,3001020000429B,1,1,56.0,1.0,L,0,,0,2022-01-02 19:21:07
VD-22-010B-004-01,3001020000429B,1,1,56.0,1.0,S,2,,0,2022-01-02 19:21:07
VD-22-0120-011-01,3001200001124B,0,1,58.0,7.2,L,0,,0,2022-01-02 19:21:07
VD-22-0120-011-01,3001200001124B,0,1,58.0,7.2,S,7,,0,2022-01-02 19:21:07
VD-22-0120-011-01,3001200001124B,1,1,45.0,1,L,0,,0,2022-01-02 19:21:07
VD-22-0120-011-01,3001200001124B,1,1,45.0,1,S,3,,0,2022-01-02 19:21:07
VD-22-0130-057-01,3001300005747B,0,1,0,0,L,0,,0,2022-01-02 19:21:07
VD-22-0130-057-01,3001300005747B,0,1,0,0,S,0,,0,2022-01-02 19:21:07
VD-22-0130-057-01,3001300005747B,1,1,0,0,L,0,,0,2022-01-02 19:21:07
VD-22-0130-057-01,3001300005747B,1,1,0,0,S,0,,0,2022-01-02 19:21:07
VD-22-0130-064-01,3001300006456B,0,1,-99,-99,L,-99,,3,2022-01-02 19:21:07
VD-22-0130-064-01,3001300006456B,0,1,-99,-99,S,-99,,3,2022-01-02 19:21:07
VD-22-0130-064-01,3001300006456B,1,1,-99,-99,L,-99,,3,2022-01-02 19:21:07
VD-22-0130-064-01,3001300006456B,1,1,-99,-99,S,-99,,3,2022-01-02 19:21:07
VD-22-0130-064-01,3001300106456B,0,1,-99,-99,L,-99,,3,2022-01-02 19:21:07
VD-22-0130-064-01,3001300106456B,0,1,-99,-99,S,-99,,3,2022-01-02 19:21:07
VD-22-0130-064-01,3001300106456B,1,1,-99,-99,L,-99,,3,2022-01-02 19:21:07
VD-22-0130-064-01,3001300106456B,1,1,-99,-99,S,-99,,3,2022-01-02 19:21:07
VD-22-0170-000-02,3001700000063B,0,1,51.0,4.7,L,0,,0,2022-01-02 19:21:07
VD-22-0170-000-02,3001700000063B,0,1,51.0,4.7,S,4,,0,2022-01-02 19:21:07
VD-22-0170-000-02,3001700000063B,1,1,54.0,6.7,L,0,,0,2022-01-02 19:21:07
VD-22-0170-000-02,3001700000063B,1,1,54.0,6.7,S,6,,0,2022-01-02 19:21:07
VD-22-0170-004-01,3001700000335B,0,1,58.0,5.0,L,1,,0,2022-01-02 19:21:07
VD-22-0170-004-01,3001700000335B,0,1,58.0,5.0,S,8,,0,2022-01-02 19:21:07
VD-22-0170-004-01,3001700000335B,1,1,63.0,4.0,L,1,,0,2022-01-02 19:21:07
VD-22-0170-004-01,3001700000335B,1,1,63.0,4.0,S,7,,0,2022-01-02 19:21:07
VD-22-0170-006-01,3001700000697B,0,1,0,0,L,0,,0,2022-01-02 19:21:07
VD-22-0170-006-01,3001700000697B,0,1,0,0,S,0,,0,2022-01-02 19:21:07
VD-22-0170-006-01,3001700000697B,1,1,0,0,L,0,,0,2022-01-02 19:21:07
VD-22-0170-006-01,3001700000697B,1,1,0,0,S,0,,0,2022-01-02 19:21:07
VD-22-0170-006-01,3001700000697B,2,1,0,0,L,0,,0,2022-01-02 19:21:07
VD-22-0170-006-01,3001700000697B,2,1,0,0,S,0,,0,2022-01-02 19:21:07
VD-22-0170-007-01,3001700000758B,0,1,69.0,1.0,L,0,,0,2022-01-02 19:21:07
VD-22-0170-007-01,3001700000758B,0,1,69.0,1.0,S,1,,0,2022-01-02 19:21:07
VD-22-0170-007-01,3001700000758B,1,1,0,0,L,0,,0,2022-01-02 19:21:07
VD-22-0170-007-01,3001700000758B,1,1,0,0,S,0,,0,2022-01-02 19:21:07
VD-22-0170-007-01,3001700000758B,2,1,0,0,L,0,,0,2022-01-02 19:21:07
VD-22-0170-007-01,3001700000758B,2,1,0,0,S,0,,0,2022-01-02 19:21:07
VD-22-0170-016-01,3001700101545B,0,1,-99,-99,L,-99,,3,2022-01-02 19:21:07
VD-22-0170-016-01,3001700101545B,0,1,-99,-99,S,-99,,3,2022-01-02 19:21:07
VD-22-0170-016-01,3001700101545B,1,1,-99,-99,L,-99,,3,2022-01-02 19:21:07
VD-22-0170-016-01,3001700101545B,1,1,-99,-99,S,-99,,3,2022-01-02 19:21:07
VD-22-0170-016-01,3001700101545B,2,1,-99,-99,L,-99,,3,2022-01-02 19:21:07
VD-22-0170-016-01,3001700101545B,2,1,-99,-99,S,-99,,3,2022-01-02 19:21:07
VD-22-0610-147-01,1006100014700B,0,1,96.0,2.0,L,0,,0,2022-01-02 19:21:07
VD-22-0610-147-01,1006100014700B,0,1,96.0,2.0,S,6,,0,2022-01-02 19:21:07
VD-22-0610-147-01,1006100014700B,1,1,80.5,2.0,L,1,,0,2022-01-02 19:21:07
VD-22-0610-147-01,1006100014700B,1,1,80.5,2.0,S,4,,0,2022-01-02 19:21:07
VD-22-0610-148-01,1006100014860B,0,1,-99,-99,L,-99,,3,2022-01-02 19:21:07
VD-22-0610-148-01,1006100014860B,0,1,-99,-99,S,-99,,3,2022-01-02 19:21:07
VD-22-0610-148-01,1006100014860B,1,1,-99,-99,L,-99,,3,2022-01-02 19:21:07
VD-22-0610-148-01,1006100014860B,1,1,-99,-99,S,-99,,3,2022-01-02 19:21:07
VD-22-0610-151-01,1006100115100B,0,1,85.5,3.0,L,1,,0,2022-01-02 19:21:07
VD-22-0610-151-01,1006100115100B,0,1,85.5,3.0,S,6,,0,2022-01-02 19:21:07
VD-22-0610-151-01,1006100115100B,1,1,86.0,3.0,L,1,,0,2022-01-02 19:21:07
VD-22-0610-151-01,1006100115100B,1,1,86.0,3.0,S,8,,0,2022-01-02 19:21:07
VD-22-0610-151-02,1006100015100B,0,1,61.0,8.9,L,0,,0,2022-01-02 19:21:07
VD-22-0610-151-02,1006100015100B,0,1,61.0,8.9,S,9,,0,2022-01-02 19:21:07
VD-22-0610-152-01,1006100115200B,0,1,76.0,5.0,L,0,,0,2022-01-02 19:21:07
VD-22-0610-152-01,1006100115200B,0,1,76.0,5.0,S,15,,0,2022-01-02 19:21:07
VD-22-0610-152-01,1006100115200B,1,1,79.5,6.0,L,2,,0,2022-01-02 19:21:07
VD-22-0610-152-01,1006100115200B,1,1,79.5,6.0,S,13,,0,2022-01-02 19:21:07
VD-22-0610-152-02,1006100015200B,0,1,97.0,1.0,L,0,,0,2022-01-02 19:21:07
VD-22-0610-152-02,1006100015200B,0,1,97.0,1.0,S,5,,0,2022-01-02 19:21:07
VD-22-0610-152-02,1006100015200B,1,1,84.0,2.0,L,1,,0,2022-01-02 19:21:07
VD-22-0610-152-02,1006100015200B,1,1,84.0,2.0,S,5,,0,2022-01-02 19:21:07
VD-22-0610-155-01,1006100115570B,0,1,85.5,5.0,L,1,,0,2022-01-02 19:21:07
VD-22-0610-155-01,1006100115570B,0,1,85.5,5.0,S,13,,0,2022-01-02 19:21:07
VD-22-0610-155-01,1006100115570B,1,1,87.0,2.0,L,0,,0,2022-01-02 19:21:07
VD-22-0610-155-01,1006100115570B,1,1,87.0,2.0,S,7,,0,2022-01-02 19:21:07
VD-23-0010-187-01,3000100018629N,0,1,48.0,1.0,L,0,,0,2022-01-02 19:21:07
VD-23-0010-187-01,3000100018629N,0,1,48.0,1.0,S,1,,0,2022-01-02 19:21:07
VD-23-0010-187-01,3000100018629N,1,1,32.0,1.0,L,0,,0,2022-01-02 19:21:07
VD-23-0010-187-01,3000100018629N,1,1,32.0,1.0,S,1,,0,2022-01-02 19:21:07
VD-23-0010-187-01,3000100018629N,2,1,57.0,1.0,L,0,,0,2022-01-02 19:21:07
VD-23-0010-187-01,3000100018629N,2,1,57.0,1.0,S,1,,0,2022-01-02 19:21:07
VD-23-0010-188-01,3000100018796N,0,1,0,0,L,0,,0,2022-01-02 19:21:07
VD-23-0010-188-01,3000100018796N,0,1,0,0,S,0,,0,2022-01-02 19:21:07
VD-23-0010-188-01,3000100018796N,1,1,59.0,1.0,L,0,,0,2022-01-02 19:21:07
VD-23-0010-188-01,3000100018796N,1,1,59.0,1.0,S,1,,0,2022-01-02 19:21:07
VD-23-0010-188-02,3000100118795N,0,1,41.0,1.0,L,0,,0,2022-01-02 19:21:07
VD-23-0010-188-02,3000100118795N,0,1,41.0,1.0,S,3,,0,2022-01-02 19:21:07
VD-23-0010-188-02,3000100118795N,1,1,40.0,1.0,L,0,,0,2022-01-02 19:21:07
VD-23-0010-188-02,3000100118795N,1,1,40.0,1.0,S,3,,0,2022-01-02 19:21:07
VD-23-0010-195-01,3000100119530N,0,1,0,0,L,0,,0,2022-01-02 19:21:07
VD-23-0010-195-01,3000100119530N,0,1,0,0,S,0,,0,2022-01-02 19:21:07
VD-23-0010-195-01,3000100119530N,1,1,62.0,7.7,L,0,,0,2022-01-02 19:21:07
VD-23-0010-195-01,3000100119530N,1,1,62.0,7.7,S,8,,0,2022-01-02 19:21:07
VD-23-0010-202-01,3000100020226N,0,1,63.0,1.0,L,0,,0,2022-01-02 19:21:07
VD-23-0010-202-01,3000100020226N,0,1,63.0,1.0,S,4,,0,2022-01-02 19:21:07
VD-23-0010-202-01,3000100020226N,1,1,0,0,L,0,,0,2022-01-02 19:21:07
VD-23-0010-202-01,3000100020226N,1,1,0,0,S,0,,0,2022-01-02 19:21:07
VD-23-0010-215-01,3000100021555N,0,1,62.0,2.0,L,0,,0,2022-01-02 19:21:07
VD-23-0010-215-01,3000100021555N,0,1,62.0,2.0,S,5,,0,2022-01-02 19:21:07
VD-23-0010-215-01,3000100021555N,1,1,73.0,2.0,L,1,,0,2022-01-02 19:21:07
VD-23-0010-215-01,3000100021555N,1,1,73.0,2.0,S,2,,0,2022-01-02 19:21:07
VD-23-0010-218-01,3000100021797N,0,1,0,0,L,0,,0,2022-01-02 19:21:07
VD-23-0010-218-01,3000100021797N,0,1,0,0,S,0,,0,2022-01-02 19:21:07
VD-23-0010-218-01,3000100021797N,1,1,61.0,1.0,L,0,,0,2022-01-02 19:21:07
VD-23-0010-218-01,3000100021797N,1,1,61.0,1.0,S,1,,0,2022-01-02 19:21:07
VD-23-001C-002-01,3000130000084N,0,1,51.0,6.0,L,0,,0,2022-01-02 19:21:07
VD-23-001C-002-01,3000130000084N,0,1,51.0,6.0,S,10,,0,2022-01-02 19:21:07
VD-23-001C-002-01,3000130000084N,1,1,0,0,L,0,,0,2022-01-02 19:21:07
VD-23-001C-002-01,3000130000084N,1,1,0,0,S,0,,0,2022-01-02 19:21:07
VD-23-001C-005-01,3000130000560N,0,1,-99,-99,L,-99,,3,2022-01-02 19:21:07
VD-23-001C-005-01,3000130000560N,0,1,-99,-99,S,-99,,3,2022-01-02 19:21:07
VD-23-001C-005-01,3000130000560N,1,1,-99,-99,L,-99,,3,2022-01-02 19:21:07
VD-23-001C-005-01,3000130000560N,1,1,-99,-99,S,-99,,3,2022-01-02 19:21:07
VD-23-001C-005-01,3000130100561N,0,1,-99,-99,L,-99,,3,2022-01-02 19:21:07
VD-23-001C-005-01,3000130100561N,0,1,-99,-99,S,-99,,3,2022-01-02 19:21:07
VD-23-001C-005-01,3000130100561N,1,1,-99,-99,L,-99,,3,2022-01-02 19:21:07
VD-23-001C-005-01,3000130100561N,1,1,-99,-99,S,-99,,3,2022-01-02 19:21:07
VD-23-0140-001-01,3001400100160N,0,1,-99,-99,L,-99,,3,2022-01-02 19:21:07
VD-23-0140-001-01,3001400100160N,0,1,-99,-99,S,-99,,3,2022-01-02 19:21:07
VD-23-0140-001-01,3001400100160N,1,1,-99,-99,L,-99,,3,2022-01-02 19:21:07
VD-23-0140-001-01,3001400100160N,1,1,-99,-99,S,-99,,3,2022-01-02 19:21:07
VD-23-0140-002-01,3001400000161N,0,1,-99,-99,L,-99,,3,2022-01-02 19:21:07
VD-23-0140-002-01,3001400000161N,0,1,-99,-99,S,-99,,3,2022-01-02 19:21:07
VD-23-0140-002-01,3001400000161N,1,1,-99,-99,L,-99,,3,2022-01-02 19:21:07
VD-23-0140-002-01,3001400000161N,1,1,-99,-99,S,-99,,3,2022-01-02 19:21:07
VD-23-0140-007-01,3001400000694N,0,1,0,0,L,0,,0,2022-01-02 19:21:07
VD-23-0140-007-01,3001400000694N,0,1,0,0,S,0,,0,2022-01-02 19:21:07
VD-23-0140-007-01,3001400000694N,1,1,65.0,1.0,L,0,,0,2022-01-02 19:21:07
VD-23-0140-007-01,3001400000694N,1,1,65.0,1.0,S,3,,0,2022-01-02 19:21:07
VD-23-014C-001-01,3001430000205N,0,1,-99,-99,L,-99,,3,2022-01-02 19:21:07
VD-23-014C-001-01,3001430000205N,0,1,-99,-99,S,-99,,3,2022-01-02 19:21:07
VD-23-014C-001-01,3001430000205N,1,1,-99,-99,L,-99,,3,2022-01-02 19:21:07
VD-23-014C-001-01,3001430000205N,1,1,-99,-99,S,-99,,3,2022-01-02 19:21:07
VD-23-014C-001-01,3001430100204N,0,1,-99,-99,L,-99,,3,2022-01-02 19:21:07
VD-23-014C-001-01,3001430100204N,0,1,-99,-99,S,-99,,3,2022-01-02 19:21:07
VD-23-014C-001-01,3001430100204N,1,1,-99,-99,L,-99,,3,2022-01-02 19:21:07
VD-23-014C-001-01,3001430100204N,1,1,-99,-99,S,-99,,3,2022-01-02 19:21:07
VD-23-0170-020-01,3001700002002N,0,1,0,0,L,0,,0,2022-01-02 19:21:07
VD-23-0170-020-01,3001700002002N,0,1,0,0,S,0,,0,2022-01-02 19:21:07
VD-23-0170-020-01,3001700002002N,1,1,0,0,L,0,,0,2022-01-02 19:21:07
VD-23-0170-020-01,3001700002002N,1,1,0,0,S,0,,0,2022-01-02 19:21:07
VD-23-0170-028-01,3001700002802N,0,1,-99,-99,L,-99,,3,2022-01-02 19:21:07
VD-23-0170-028-01,3001700002802N,0,1,-99,-99,S,-99,,3,2022-01-02 19:21:07
VD-23-0170-028-01,3001700002802N,1,1,-99,-99,L,-99,,3,2022-01-02 19:21:07
VD-23-0170-028-01,3001700002802N,1,1,-99,-99,S,-99,,3,2022-01-02 19:21:07
VD-23-0170-028-01,3001700102802N,0,1,-99,-99,L,-99,,3,2022-01-02 19:21:07
VD-23-0170-028-01,3001700102802N,0,1,-99,-99,S,-99,,3,2022-01-02 19:21:07
VD-23-0170-028-01,3001700102802N,1,1,-99,-99,L,-99,,3,2022-01-02 19:21:07
VD-23-0170-028-01,3001700102802N,1,1,-99,-99,S,-99,,3,2022-01-02 19:21:07
VD-23-0170-032-01,3001700003169N,0,1,60.0,1.0,L,0,,0,2022-01-02 19:21:07
VD-23-0170-032-01,3001700003169N,0,1,60.0,1.0,S,2,,0,2022-01-02 19:21:07
VD-23-0170-032-01,3001700003169N,1,1,65.0,1.0,L,0,,0,2022-01-02 19:21:07
VD-23-0170-032-01,3001700003169N,1,1,65.0,1.0,S,2,,0,2022-01-02 19:21:07
VD-23-0170-035-01,3001700003505N,0,1,72.0,1.0,L,0,,0,2022-01-02 19:21:07
VD-23-0170-035-01,3001700003505N,0,1,72.0,1.0,S,3,,0,2022-01-02 19:21:07
VD-23-0170-035-01,3001700003505N,1,1,83.0,2.0,L,1,,0,2022-01-02 19:21:07
VD-23-0170-035-01,3001700003505N,1,1,83.0,2.0,S,3,,0,2022-01-02 19:21:07
VD-23-0170-040-01,3001700004076N,0,1,0,0,L,0,,0,2022-01-02 19:21:07
VD-23-0170-040-01,3001700004076N,0,1,0,0,S,0,,0,2022-01-02 19:21:07
VD-23-0170-040-01,3001700004076N,1,1,73.0,1.0,L,0,,0,2022-01-02 19:21:07
VD-23-0170-040-01,3001700004076N,1,1,73.0,1.0,S,4,,0,2022-01-02 19:21:07
VD-23-0170-048-01,3001700004757N,0,1,68.0,1.0,L,0,,0,2022-01-02 19:21:07
VD-23-0170-048-01,3001700004757N,0,1,68.0,1.0,S,1,,0,2022-01-02 19:21:07
VD-23-0170-048-01,3001700004757N,1,1,0,0,L,0,,0,2022-01-02 19:21:07
VD-23-0170-048-01,3001700004757N,1,1,0,0,S,0,,0,2022-01-02 19:21:07
VD-23-0170-052-01,3001700005161N,0,1,0,0,L,0,,0,2022-01-02 19:21:07
VD-23-0170-052-01,3001700005161N,0,1,0,0,S,0,,0,2022-01-02 19:21:07
VD-23-0170-052-01,3001700005161N,1,1,0,0,L,0,,0,2022-01-02 19:21:07
VD-23-0170-052-01,3001700005161N,1,1,0,0,S,0,,0,2022-01-02 19:21:07
VD-23-0170-057-01,3001700005788N,0,1,0,0,L,0,,0,2022-01-02 19:21:07
VD-23-0170-057-01,3001700005788N,0,1,0,0,S,0,,0,2022-01-02 19:21:07
VD-23-0170-057-01,3001700005788N,1,1,0,0,L,0,,0,2022-01-02 19:21:07
VD-23-0170-057-01,3001700005788N,1,1,0,0,S,0,,0,2022-01-02 19:21:07
VD-23-0190-002-01,3001900000159N,0,1,54.0,13.0,L,2,,0,2022-01-02 19:21:07
VD-23-0190-002-01,3001900000159N,0,1,54.0,13.0,S,7,,0,2022-01-02 19:21:07
VD-23-0190-002-01,3001900000159N,1,1,58.0,7.0,L,2,,0,2022-01-02 19:21:07
VD-23-0190-002-01,3001900000159N,1,1,58.0,7.0,S,9,,0,2022-01-02 19:21:07
VD-23-0190-002-01,3001900000159N,2,1,68.0,3.0,L,2,,0,2022-01-02 19:21:07
VD-23-0190-002-01,3001900000159N,2,1,68.0,3.0,S,4,,0,2022-01-02 19:21:07
VD-23-0190-010-01,3001900000998N,0,1,38.0,1,L,0,,0,2022-01-02 19:21:07
VD-23-0190-010-01,3001900000998N,0,1,38.0,1,S,1,,0,2022-01-02 19:21:07
VD-23-0190-010-01,3001900000998N,1,1,36.0,18.3,L,0,,0,2022-01-02 19:21:07
VD-23-0190-010-01,3001900000998N,1,1,36.0,18.3,S,11,,0,2022-01-02 19:21:07
VD-23-0190-020-01,3001900002038N,0,1,0,0,L,0,,0,2022-01-02 19:21:07
VD-23-0190-020-01,3001900002038N,0,1,0,0,S,0,,0,2022-01-02 19:21:07
VD-23-0190-020-01,3001900002038N,1,1,0,0,L,0,,0,2022-01-02 19:21:07
VD-23-0190-020-01,3001900002038N,1,1,0,0,S,0,,0,2022-01-02 19:21:07
VD-23-0190-031-01,3001900003153N,0,1,69.0,1.0,L,0,,0,2022-01-02 19:21:07
VD-23-0190-031-01,3001900003153N,0,1,69.0,1.0,S,1,,0,2022-01-02 19:21:07
VD-23-0190-031-01,3001900003153N,1,1,0,0,L,0,,0,2022-01-02 19:21:07
VD-23-0190-031-01,3001900003153N,1,1,0,0,S,0,,0,2022-01-02 19:21:07
VD-23-0610-165-01,1006100016500N,0,1,-99,-99,L,-99,,3,2022-01-02 19:21:07
VD-23-0610-165-01,1006100016500N,0,1,-99,-99,S,-99,,3,2022-01-02 19:21:07
VD-23-0610-168-01,1006100116840N,0,1,54.0,13.3,L,0,,0,2022-01-02 19:21:07
VD-23-0610-168-01,1006100116840N,0,1,54.0,13.3,S,12,,0,2022-01-02 19:21:07
VD-23-0610-168-01,1006100116840N,1,1,83.0,10.1,L,0,,0,2022-01-02 19:21:07
VD-23-0610-168-01,1006100116840N,1,1,83.0,10.1,S,14,,0,2022-01-02 19:21:07
VD-23-0610-168-02,1006100016840N,0,1,81.0,5.2,L,4,,0,2022-01-02 19:21:07
VD-23-0610-168-02,1006100016840N,0,1,81.0,5.2,S,3,,0,2022-01-02 19:21:07
VD-23-0610-168-02,1006100016840N,1,1,81.0,5.9,L,0,,0,2022-01-02 19:21:07
VD-23-0610-168-02,1006100016840N,1,1,81.0,5.9,S,8,,0,2022-01-02 19:21:07
VD-23-0610-177-01,1006100017750N,0,1,83.0,1.0,L,0,,0,2022-01-02 19:21:07
VD-23-0610-177-01,1006100017750N,0,1,83.0,1.0,S,2,,0,2022-01-02 19:21:07
VD-23-0610-177-01,1006100017750N,1,1,92.0,1.0,L,0,,0,2022-01-02 19:21:07
VD-23-0610-177-01,1006100017750N,1,1,92.0,1.0,S,2,,0,2022-01-02 19:21:07
VD-23-0610-179-01,1006100117900N,0,1,-99,-99,L,-99,,3,2022-01-02 19:21:07
VD-23-0610-179-01,1006100117900N,0,1,-99,-99,S,-99,,3,2022-01-02 19:21:07
VD-23-0610-179-01,1006100117900N,1,1,-99,-99,L,-99,,3,2022-01-02 19:21:07
VD-23-0610-179-01,1006100117900N,1,1,-99,-99,S,-99,,3,2022-01-02 19:21:07
VD-23-0610-179-02,1006101055000N,0,1,-99,-99,L,-99,,3,2022-01-02 19:21:07
VD-23-0610-179-02,1006101055000N,0,1,-99,-99,S,-99,,3,2022-01-02 19:21:07
VD-23-0610-179-03,1006101155010N,0,1,-99,-99,L,-99,,3,2022-01-02 19:21:07
VD-23-0610-179-03,1006101155010N,0,1,-99,-99,S,-99,,3,2022-01-02 19:21:07
VD-23-0610-191-01,1006100019220N,0,1,0,0,L,0,,0,2022-01-02 19:21:07
VD-23-0610-191-01,1006100019220N,0,1,0,0,S,0,,0,2022-01-02 19:21:07
VD-23-0610-191-01,1006100019220N,1,1,0,0,L,0,,0,2022-01-02 19:21:07
VD-23-0610-191-01,1006100019220N,1,1,0,0,S,0,,0,2022-01-02 19:21:07
VD-23-0610-191-02,1006100019220N,0,1,84.0,1.0,L,0,,0,2022-01-02 19:21:07
VD-23-0610-191-02,1006100019220N,0,1,84.0,1.0,S,4,,0,2022-01-02 19:21:07
VD-23-0610-191-02,1006100019220N,1,1,87.0,1.0,L,0,,0,2022-01-02 19:21:07
VD-23-0610-191-02,1006100019220N,1,1,87.0,1.0,S,1,,0,2022-01-02 19:21:07
VD-23-0610-208-01,1006100120700N,0,1,0,0,L,0,,0,2022-01-02 19:21:07
VD-23-0610-208-01,1006100120700N,0,1,0,0,S,0,,0,2022-01-02 19:21:07
VD-23-0610-208-01,1006100120700N,1,1,0,0,L,0,,0,2022-01-02 19:21:07
VD-23-0610-208-01,1006100120700N,1,1,0,0,S,0,,0,2022-01-02 19:21:07
VD-23-0610-208-02,1006100120700N,0,1,-99,-99,L,-99,,3,2022-01-02 19:21:07
VD-23-0610-208-02,1006100120700N,0,1,-99,-99,S,-99,,3,2022-01-02 19:21:07
VD-23-0610-208-02,1006100120700N,1,1,-99,-99,L,-99,,3,2022-01-02 19:21:07
VD-23-0610-208-02,1006100120700N,1,1,-99,-99,S,-99,,3,2022-01-02 19:21:07
VD-23-061B-001-001,3006120100080N,0,1,81.0,1.0,L,0,,0,2022-01-02 19:21:07
VD-23-061B-001-001,3006120100080N,0,1,81.0,1.0,S,3,,0,2022-01-02 19:21:07
VD-23-061B-001-001,3006120100080N,1,1,77.0,1.0,L,0,,0,2022-01-02 19:21:07
VD-23-061B-001-001,3006120100080N,1,1,77.0,1.0,S,1,,0,2022-01-02 19:21:07
VD-23-061B-001-002,3006120000080N,0,1,0,0,L,0,,0,2022-01-02 19:21:07
VD-23-061B-001-002,3006120000080N,0,1,0,0,S,0,,0,2022-01-02 19:21:07
VD-23-061B-001-002,3006120000080N,1,1,62.0,1.0,L,0,,0,2022-01-02 19:21:07
VD-23-061B-001-002,3006120000080N,1,1,62.0,1.0,S,1,,0,2022-01-02 19:21:07
VD-23-061B-004-01,3006120000380N,0,1,-99,-99,L,-99,,3,2022-01-02 19:21:07
VD-23-061B-004-01,3006120000380N,0,1,-99,-99,S,-99,,3,2022-01-02 19:21:07
VD-23-061B-004-01,3006120000380N,1,1,-99,-99,L,-99,,3,2022-01-02 19:21:07
VD-23-061B-004-01,3006120000380N,1,1,-99,-99,S,-99,,3,2022-01-02 19:21:07
VD-23-061B-006-01,3006120100560N,0,1,66.0,1.0,L,0,,0,2022-01-02 19:21:07
VD-23-061B-006-01,3006120100560N,0,1,66.0,1.0,S,3,,0,2022-01-02 19:21:07
VD-23-061B-006-01,3006120100560N,1,1,68.0,1.0,L,0,,0,2022-01-02 19:21:07
VD-23-061B-006-01,3006120100560N,1,1,68.0,1.0,S,1,,0,2022-01-02 19:21:07
VD-24-0030-209-01,3000300020971M,0,1,47.5,3.0,L,1,,0,2022-01-02 19:21:07
VD-24-0030-209-01,3000300020971M,0,1,47.5,3.0,S,8,,0,2022-01-02 19:21:07
VD-24-0030-209-01,3000300020971M,1,1,50.0,3.0,L,1,,0,2022-01-02 19:21:07
VD-24-0030-209-01,3000300020971M,1,1,50.0,3.0,S,3,,0,2022-01-02 19:21:07
VD-24-0030-217-01,3000300021637M,0,1,-99,-99,L,-99,,3,2022-01-02 19:21:07
VD-24-0030-217-01,3000300021637M,0,1,-99,-99,S,-99,,3,2022-01-02 19:21:07
VD-24-0030-217-01,3000300021637M,1,1,-99,-99,L,-99,,3,2022-01-02 19:21:07
VD-24-0030-217-01,3000300021637M,1,1,-99,-99,S,-99,,3,2022-01-02 19:21:07
VD-24-0030-217-01,3000300121637M,0,1,-99,-99,L,-99,,3,2022-01-02 19:21:07
VD-24-0030-217-01,3000300121637M,0,1,-99,-99,S,-99,,3,2022-01-02 19:21:07
VD-24-0030-217-01,3000300121637M,1,1,-99,-99,L,-99,,3,2022-01-02 19:21:07
VD-24-0030-217-01,3000300121637M,1,1,-99,-99,S,-99,,3,2022-01-02 19:21:07
VD-24-0030-222-01,3000300022184M,0,1,62.0,1.0,L,0,,0,2022-01-02 19:21:07
VD-24-0030-222-01,3000300022184M,0,1,62.0,1.0,S,1,,0,2022-01-02 19:21:07
VD-24-0030-222-01,3000300022184M,1,1,0,0,L,0,,0,2022-01-02 19:21:07
VD-24-0030-222-01,3000300022184M,1,1,0,0,S,0,,0,2022-01-02 19:21:07
VD-24-0030-223-01,3000300022184M,0,1,52.0,1.0,L,0,,0,2022-01-02 19:21:07
VD-24-0030-223-01,3000300022184M,0,1,52.0,1.0,S,1,,0,2022-01-02 19:21:07
VD-24-0030-223-01,3000300022184M,1,1,59.0,1.0,L,0,,0,2022-01-02 19:21:07
VD-24-0030-223-01,3000300022184M,1,1,59.0,1.0,S,1,,0,2022-01-02 19:21:07
VD-24-0030-226-01,3000300022619M,0,1,66.0,1.0,L,0,,0,2022-01-02 19:21:07
VD-24-0030-226-01,3000300022619M,0,1,66.0,1.0,S,3,,0,2022-01-02 19:21:07
VD-24-0030-226-01,3000300022619M,1,1,60.0,2.0,L,0,,0,2022-01-02 19:21:07
VD-24-0030-226-01,3000300022619M,1,1,60.0,2.0,S,4,,0,2022-01-02 19:21:07
VD-24-0030-226-01,3000300022619M,2,1,58.0,1.0,L,0,,0,2022-01-02 19:21:07
VD-24-0030-226-01,3000300022619M,2,1,58.0,1.0,S,2,,0,2022-01-02 19:21:07
VD-24-0030-226-01,3000300022619M,3,1,35.0,1.0,L,0,,0,2022-01-02 19:21:07
VD-24-0030-226-01,3000300022619M,3,1,35.0,1.0,S,1,,0,2022-01-02 19:21:07
VD-24-0030-229-01,3000300022806M,0,1,30.0,3.0,L,1,,0,2022-01-02 19:21:07
VD-24-0030-229-01,3000300022806M,0,1,30.0,3.0,S,0,,0,2022-01-02 19:21:07
VD-24-0030-229-01,3000300022806M,1,1,58.0,1.0,L,0,,0,2022-01-02 19:21:07
VD-24-0030-229-01,3000300022806M,1,1,58.0,1.0,S,1,,0,2022-01-02 19:21:07
VD-24-0030-229-01,3000300022806M,2,1,0,0,L,0,,0,2022-01-02 19:21:07
VD-24-0030-229-01,3000300022806M,2,1,0,0,S,0,,0,2022-01-02 19:21:07
VD-24-0030-235-01,3000300023568M,0,1,-99,-99,L,-99,,3,2022-01-02 19:21:07
VD-24-0030-235-01,3000300023568M,0,1,-99,-99,S,-99,,3,2022-01-02 19:21:07
VD-24-0030-235-01,3000300023568M,1,1,-99,-99,L,-99,,3,2022-01-02 19:21:07
VD-24-0030-235-01,3000300023568M,1,1,-99,-99,S,-99,,3,2022-01-02 19:21:07
VD-24-0030-235-01,3000300123537M,0,1,-99,-99,L,-99,,3,2022-01-02 19:21:07
VD-24-0030-235-01,3000300123537M,0,1,-99,-99,S,-99,,3,2022-01-02 19:21:07
VD-24-0030-235-01,3000300123537M,1,1,-99,-99,L,-99,,3,2022-01-02 19:21:07
VD-24-0030-235-01,3000300123537M,1,1,-99,-99,S,-99,,3,2022-01-02 19:21:07
VD-24-003A-002-01,3000310000288M,0,1,-99,-99,L,-99,,3,2022-01-02 19:21:07
VD-24-003A-002-01,3000310000288M,0,1,-99,-99,S,-99,,3,2022-01-02 19:21:07
VD-24-003A-002-01,3000310100288M,0,1,-99,-99,L,-99,,3,2022-01-02 19:21:07
VD-24-003A-002-01,3000310100288M,0,1,-99,-99,S,-99,,3,2022-01-02 19:21:07
VD-24-003C-001-01,3000330000200M,0,1,0,0,L,0,,0,2022-01-02 19:21:07
VD-24-003C-001-01,3000330000200M,0,1,0,0,S,0,,0,2022-01-02 19:21:07
VD-24-0140-014-01,3001400001341N,0,1,91.0,1.0,L,0,,0,2022-01-02 19:21:07
VD-24-0140-014-01,3001400001341N,0,1,91.0,1.0,S,1,,0,2022-01-02 19:21:07
VD-24-0140-014-01,3001400001341N,1,1,66.0,1.0,L,0,,0,2022-01-02 19:21:07
VD-24-0140-014-01,3001400001341N,1,1,66.0,1.0,S,3,,0,2022-01-02 19:21:07
VD-24-0140-029-01,3001400002746M,0,1,49.0,1.0,L,0,,0,2022-01-02 19:21:07
VD-24-0140-029-01,3001400002746M,0,1,49.0,1.0,S,1,,0,2022-01-02 19:21:07
VD-24-0140-029-01,3001400002746M,1,1,69.0,1.0,L,0,,0,2022-01-02 19:21:07
VD-24-0140-029-01,3001400002746M,1,1,69.0,1.0,S,2,,0,2022-01-02 19:21:07
VD-24-0140-032-01,3001400003162M,0,1,76.0,2.0,L,1,,0,2022-01-02 19:21:07
VD-24-0140-032-01,3001400003162M,0,1,76.0,2.0,S,4,,0,2022-01-02 19:21:07
VD-24-0140-032-01,3001400003162M,1,1,79.0,2.0,L,1,,0,2022-01-02 19:21:07
VD-24-0140-032-01,3001400003162M,1,1,79.0,2.0,S,3,,0,2022-01-02 19:21:07
VD-24-0140-040-01,3001400004001M,0,1,60.0,1.0,L,0,,0,2022-01-02 19:21:07
VD-24-0140-040-01,3001400004001M,0,1,60.0,1.0,S,3,,0,2022-01-02 19:21:07
VD-24-0140-040-01,3001400004001M,1,1,0,0,L,0,,0,2022-01-02 19:21:07
VD-24-0140-040-01,3001400004001M,1,1,0,0,S,0,,0,2022-01-02 19:21:07
VD-24-0140-044-01,3001400004333M,0,1,-99,-99,L,-99,,3,2022-01-02 19:21:07
VD-24-0140-044-01,3001400004333M,0,1,-99,-99,S,-99,,3,2022-01-02 19:21:07
VD-24-0140-044-01,3001400004333M,1,1,-99,-99,L,-99,,3,2022-01-02 19:21:07
VD-24-0140-044-01,3001400004333M,1,1,-99,-99,S,-99,,3,2022-01-02 19:21:07
VD-24-0140-044-01,3001400104333M,0,1,-99,-99,L,-99,,3,2022-01-02 19:21:07
VD-24-0140-044-01,3001400104333M,0,1,-99,-99,S,-99,,3,2022-01-02 19:21:07
VD-24-0140-044-01,3001400104333M,1,1,-99,-99,L,-99,,3,2022-01-02 19:21:07
VD-24-0140-044-01,3001400104333M,1,1,-99,-99,S,-99,,3,2022-01-02 19:21:07
VD-24-014B-004-01,3001420000405M,0,1,68.0,1.0,L,0,,0,2022-01-02 19:21:07
VD-24-014B-004-01,3001420000405M,0,1,68.0,1.0,S,2,,0,2022-01-02 19:21:07
VD-24-014B-004-01,3001420000405M,1,1,0,0,L,0,,0,2022-01-02 19:21:07
VD-24-014B-004-01,3001420000405M,1,1,0,0,S,0,,0,2022-01-02 19:21:07
VD-24-014B-009-01,3001420000855M,0,1,-99,-99,L,-99,,3,2022-01-02 19:21:07
VD-24-014B-009-01,3001420000855M,0,1,-99,-99,S,-99,,3,2022-01-02 19:21:07
VD-24-014B-009-01,3001420000855M,1,1,-99,-99,L,-99,,3,2022-01-02 19:21:07
VD-24-014B-009-01,3001420000855M,1,1,-99,-99,S,-99,,3,2022-01-02 19:21:07
VD-24-014B-009-01,3001420100856M,0,1,-99,-99,L,-99,,3,2022-01-02 19:21:07
VD-24-014B-009-01,3001420100856M,0,1,-99,-99,S,-99,,3,2022-01-02 19:21:07
VD-24-014B-009-01,3001420100856M,1,1,-99,-99,L,-99,,3,2022-01-02 19:21:07
VD-24-014B-009-01,3001420100856M,1,1,-99,-99,S,-99,,3,2022-01-02 19:21:07
VD-24-014B-016-01,3001420001580M,0,1,49.0,1.0,L,0,,0,2022-01-02 19:21:07
VD-24-014B-016-01,3001420001580M,0,1,49.0,1.0,S,2,,0,2022-01-02 19:21:07
VD-24-014B-016-01,3001420001580M,1,1,62.0,1.0,L,0,,0,2022-01-02 19:21:07
VD-24-014B-016-01,3001420001580M,1,1,62.0,1.0,S,2,,0,2022-01-02 19:21:07
VD-24-014D-003-01,3001440000350N,0,1,54.0,2.0,L,0,,0,2022-01-02 19:21:07
VD-24-014D-003-01,3001440000350N,0,1,54.0,2.0,S,5,,0,2022-01-02 19:21:07
VD-24-0160-000-01,3001600000002M,0,1,-99,-99,L,-99,,3,2022-01-02 19:21:07
VD-24-0160-000-01,3001600000002M,0,1,-99,-99,S,-99,,3,2022-01-02 19:21:07
VD-24-0160-000-01,3001600000002M,1,1,-99,-99,L,-99,,3,2022-01-02 19:21:07
VD-24-0160-000-01,3001600000002M,1,1,-99,-99,S,-99,,3,2022-01-02 19:21:07
VD-24-0160-000-01,3001600100002M,0,1,-99,-99,L,-99,,3,2022-01-02 19:21:07
VD-24-0160-000-01,3001600100002M,0,1,-99,-99,S,-99,,3,2022-01-02 19:21:07
VD-24-0160-000-01,3001600100002M,1,1,-99,-99,L,-99,,3,2022-01-02 19:21:07
VD-24-0160-000-01,3001600100002M,1,1,-99,-99,S,-99,,3,2022-01-02 19:21:07
VD-24-0160-005-01,3001600000464M,0,1,95.0,1.0,L,0,,0,2022-01-02 19:21:07
VD-24-0160-005-01,3001600000464M,0,1,95.0,1.0,S,1,,0,2022-01-02 19:21:07
VD-24-0160-005-01,3001600000464M,1,1,71.0,1.0,L,0,,0,2022-01-02 19:21:07
VD-24-0160-005-01,3001600000464M,1,1,71.0,1.0,S,2,,0,2022-01-02 19:21:07
VD-24-0160-007-01,3001600000684M,0,1,0,0,L,0,,0,2022-01-02 19:21:07
VD-24-0160-007-01,3001600000684M,0,1,0,0,S,0,,0,2022-01-02 19:21:07
VD-24-0160-007-01,3001600000684M,1,1,0,0,L,0,,0,2022-01-02 19:21:07
VD-24-0160-007-01,3001600000684M,1,1,0,0,S,0,,0,2022-01-02 19:21:07
VD-24-0160-009-01,3001600000821M,0,1,-99,-99,L,-99,,3,2022-01-02 19:21:07
VD-24-0160-009-01,3001600000821M,0,1,-99,-99,S,-99,,3,2022-01-02 19:21:07
VD-24-0160-009-01,3001600000821M,1,1,-99,-99,L,-99,,3,2022-01-02 19:21:07
VD-24-0160-009-01,3001600000821M,1,1,-99,-99,S,-99,,3,2022-01-02 19:21:07
VD-24-0160-009-01,3001600100821M,0,1,-99,-99,L,-99,,3,2022-01-02 19:21:07
VD-24-0160-009-01,3001600100821M,0,1,-99,-99,S,-99,,3,2022-01-02 19:21:07
VD-24-0160-009-01,3001600100821M,1,1,-99,-99,L,-99,,3,2022-01-02 19:21:07
VD-24-0160-009-01,3001600100821M,1,1,-99,-99,S,-99,,3,2022-01-02 19:21:07
VD-24-063A-000-01,3006310000000M,0,1,-99,-99,L,-99,,3,2022-01-02 19:21:07
VD-24-063A-000-01,3006310000000M,0,1,-99,-99,S,-99,,3,2022-01-02 19:21:07
VD-24-063A-000-01,3006310000000M,1,1,-99,-99,L,-99,,3,2022-01-02 19:21:07
VD-24-063A-000-01,3006310000000M,1,1,-99,-99,S,-99,,3,2022-01-02 19:21:07
VD-24-063A-000-01,3006310000000M,2,1,-99,-99,L,-99,,3,2022-01-02 19:21:07
VD-24-063A-000-01,3006310000000M,2,1,-99,-99,S,-99,,3,2022-01-02 19:21:07
VD-24-063A-000-01,3006310100000M,0,1,-99,-99,L,-99,,3,2022-01-02 19:21:07
VD-24-063A-000-01,3006310100000M,0,1,-99,-99,S,-99,,3,2022-01-02 19:21:07
VD-24-063A-000-01,3006310100000M,1,1,-99,-99,L,-99,,3,2022-01-02 19:21:07
VD-24-063A-000-01,3006310100000M,1,1,-99,-99,S,-99,,3,2022-01-02 19:21:07
VD-24-063A-000-01,3006310100000M,2,1,-99,-99,L,-99,,3,2022-01-02 19:21:07
VD-24-063A-000-01,3006310100000M,2,1,-99,-99,S,-99,,3,2022-01-02 19:21:07
VD-25-007A-047-01,3000710004671B,0,1,0,0,L,0,,0,2022-01-02 19:21:07
VD-25-007A-047-01,3000710004671B,0,1,0,0,S,0,,0,2022-01-02 19:21:07
VD-25-0080-000-01,3000800000001B,0,1,-99,-99,L,-99,,3,2022-01-02 19:21:07
VD-25-0080-000-01,3000800000001B,0,1,-99,-99,S,-99,,3,2022-01-02 19:21:07
VD-25-0080-000-01,3000800000001B,1,1,-99,-99,L,-99,,3,2022-01-02 19:21:07
VD-25-0080-000-01,3000800000001B,1,1,-99,-99,S,-99,,3,2022-01-02 19:21:07
VD-25-0080-000-01,3000800100001B,0,1,-99,-99,L,-99,,3,2022-01-02 19:21:07
VD-25-0080-000-01,3000800100001B,0,1,-99,-99,S,-99,,3,2022-01-02 19:21:07
VD-25-0080-000-01,3000800100001B,1,1,-99,-99,L,-99,,3,2022-01-02 19:21:07
VD-25-0080-000-01,3000800100001B,1,1,-99,-99,S,-99,,3,2022-01-02 19:21:07
VD-25-0080-001-01,3000800000104B,0,1,62.0,3.0,L,0,,0,2022-01-02 19:21:07
VD-25-0080-001-01,3000800000104B,0,1,62.0,3.0,S,3,,0,2022-01-02 19:21:07
VD-25-0080-001-01,3000800000104B,1,1,0,0,L,0,,0,2022-01-02 19:21:07
VD-25-0080-001-01,3000800000104B,1,1,0,0,S,0,,0,2022-01-02 19:21:07
VD-25-0080-005-01,3000800000545B,0,1,-99,-99,L,-99,,3,2022-01-02 19:21:07
VD-25-0080-005-01,3000800000545B,0,1,-99,-99,S,-99,,3,2022-01-02 19:21:07
VD-25-0080-005-01,3000800000545B,1,1,-99,-99,L,-99,,3,2022-01-02 19:21:07
VD-25-0080-005-01,3000800000545B,1,1,-99,-99,S,-99,,3,2022-01-02 19:21:07
VD-25-0080-005-01,3000800100545B,0,1,-99,-99,L,-99,,3,2022-01-02 19:21:07
VD-25-0080-005-01,3000800100545B,0,1,-99,-99,S,-99,,3,2022-01-02 19:21:07
VD-25-0080-005-01,3000800100545B,1,1,-99,-99,L,-99,,3,2022-01-02 19:21:07
VD-25-0080-005-01,3000800100545B,1,1,-99,-99,S,-99,,3,2022-01-02 19:21:07
VD-25-0080-013-01,3000800001233B,0,1,0,0,L,0,,0,2022-01-02 19:21:07
VD-25-0080-013-01,3000800001233B,0,1,0,0,S,0,,0,2022-01-02 19:21:07
VD-25-0080-013-02,3000800001333B,0,1,-99,-99,L,-99,,3,2022-01-02 19:21:07
VD-25-0080-013-02,3000800001333B,0,1,-99,-99,S,-99,,3,2022-01-02 19:21:07
VD-25-0080-013-02,3000800101333B,0,1,-99,-99,L,-99,,3,2022-01-02 19:21:07
VD-25-0080-013-02,3000800101333B,0,1,-99,-99,S,-99,,3,2022-01-02 19:21:07
VD-25-0080-033-01,3000800003244B,0,1,-99,-99,L,-99,,3,2022-01-02 19:21:07
VD-25-0080-033-01,3000800003244B,0,1,-99,-99,S,-99,,3,2022-01-02 19:21:07
VD-25-0080-033-01,3000800103244B,0,1,-99,-99,L,-99,,3,2022-01-02 19:21:07
VD-25-0080-033-01,3000800103244B,0,1,-99,-99,S,-99,,3,2022-01-02 19:21:07
VD-25-0080-081-01,3000800008174B,0,1,-99,-99,L,-99,,3,2022-01-02 19:21:07
VD-25-0080-081-01,3000800008174B,0,1,-99,-99,S,-99,,3,2022-01-02 19:21:07
VD-25-0080-081-01,3000800108174B,0,1,-99,-99,L,-99,,3,2022-01-02 19:21:07
VD-25-0080-081-01,3000800108174B,0,1,-99,-99,S,-99,,3,2022-01-02 19:21:07
VD-25-0080-083-01,3000800008461B,0,1,-99,-99,L,-99,,3,2022-01-02 19:21:07
VD-25-0080-083-01,3000800008461B,0,1,-99,-99,S,-99,,3,2022-01-02 19:21:07
VD-25-0080-083-01,3000800108461B,0,1,-99,-99,L,-99,,3,2022-01-02 19:21:07
VD-25-0080-083-01,3000800108461B,0,1,-99,-99,S,-99,,3,2022-01-02 19:21:07
VD-25-0210-000-01,3002100000001B,0,1,-99,-99,L,-99,,3,2022-01-02 19:21:07
VD-25-0210-000-01,3002100000001B,0,1,-99,-99,S,-99,,3,2022-01-02 19:21:07
VD-25-0210-000-01,3002100100001B,0,1,-99,-99,L,-99,,3,2022-01-02 19:21:07
VD-25-0210-000-01,3002100100001B,0,1,-99,-99,S,-99,,3,2022-01-02 19:21:07
VD-26-0140-053-01,3001400005258M,0,1,-99,-99,L,-99,,3,2022-01-02 19:21:07
VD-26-0140-053-01,3001400005258M,0,1,-99,-99,S,-99,,3,2022-01-02 19:21:07
VD-26-0140-053-01,3001400005258M,1,1,-99,-99,L,-99,,3,2022-01-02 19:21:07
VD-26-0140-053-01,3001400005258M,1,1,-99,-99,S,-99,,3,2022-01-02 19:21:07
VD-26-0140-053-01,3001400105258M,0,1,-99,-99,L,-99,,3,2022-01-02 19:21:07
VD-26-0140-053-01,3001400105258M,0,1,-99,-99,S,-99,,3,2022-01-02 19:21:07
VD-26-0140-053-01,3001400105258M,1,1,-99,-99,L,-99,,3,2022-01-02 19:21:07
VD-26-0140-053-01,3001400105258M,1,1,-99,-99,S,-99,,3,2022-01-02 19:21:07
VD-26-0140-054-01,3001400005408M,0,1,42.0,3.0,L,0,,0,2022-01-02 19:21:07
VD-26-0140-054-01,3001400005408M,0,1,42.0,3.0,S,5,,0,2022-01-02 19:21:07
VD-26-0140-054-01,3001400005408M,1,1,47.0,11.0,L,5,,0,2022-01-02 19:21:07
VD-26-0140-054-01,3001400005408M,1,1,47.0,11.0,S,3,,0,2022-01-02 19:21:07
VD-26-0140-056-01,3001400005657M,0,1,42.0,2.0,L,0,,0,2022-01-02 19:21:07
VD-26-0140-056-01,3001400005657M,0,1,42.0,2.0,S,3,,0,2022-01-02 19:21:07
VD-26-0140-056-01,3001400005657M,1,1,41.0,4.0,L,0,,0,2022-01-02 19:21:07
VD-26-0140-056-01,3001400005657M,1,1,41.0,4.0,S,5,,0,2022-01-02 19:21:07
VD-26-0140-057-01,3001400005704M,0,1,0,0,L,0,,0,2022-01-02 19:21:07
VD-26-0140-057-01,3001400005704M,0,1,0,0,S,0,,0,2022-01-02 19:21:07
VD-26-0140-057-01,3001400005704M,1,1,41.5,2.0,L,1,,0,2022-01-02 19:21:07
VD-26-0140-057-01,3001400005704M,1,1,41.5,2.0,S,4,,0,2022-01-02 19:21:07
VD-26-0140-079-01,3001400007922M,0,1,36.0,1.0,L,0,,0,2022-01-02 19:21:07
VD-26-0140-079-01,3001400007922M,0,1,36.0,1.0,S,2,,0,2022-01-02 19:21:07
VD-26-0140-080-01,3001400008019M,0,1,43.0,1.0,L,0,,0,2022-01-02 19:21:07
VD-26-0140-080-01,3001400008019M,0,1,43.0,1.0,S,1,,0,2022-01-02 19:21:07
VD-26-014A-004-01,3001410000569M,0,1,35.0,13.0,L,0,,0,2022-01-02 19:21:07
VD-26-014A-004-01,3001410000569M,0,1,35.0,13.0,S,15,,0,2022-01-02 19:21:07
VD-26-014A-006-01,3001410000807M,0,1,-99,-99,L,-99,,3,2022-01-02 19:21:07
VD-26-014A-006-01,3001410000807M,0,1,-99,-99,S,-99,,3,2022-01-02 19:21:07
VD-26-014A-006-01,3001410100807M,0,1,-99,-99,L,-99,,3,2022-01-02 19:21:07
VD-26-014A-006-01,3001410100807M,0,1,-99,-99,S,-99,,3,2022-01-02 19:21:07
VD-26-014A-007-01,3001410000807M,0,1,0,0,L,0,,0,2022-01-02 19:21:07
VD-26-014A-007-01,3001410000807M,0,1,0,0,S,0,,0,2022-01-02 19:21:07
VD-26-014A-029-01,3001410003018M,0,1,0,0,L,0,,0,2022-01-02 19:21:07
VD-26-014A-029-01,3001410003018M,0,1,0,0,S,0,,0,2022-01-02 19:21:07
VD-26-0210-025-01,3002100002542M,0,1,0,0,L,0,,0,2022-01-02 19:21:07
VD-26-0210-025-01,3002100002542M,0,1,0,0,S,0,,0,2022-01-02 19:21:07
VD-26-0210-043-01,3002100004330M,0,1,38.0,12.6,L,0,,0,2022-01-02 19:21:07
VD-26-0210-043-01,3002100004330M,0,1,38.0,12.6,S,8,,0,2022-01-02 19:21:07
VD-26-0210-055-01,3002100005488M,0,1,69.0,1.0,L,0,,0,2022-01-02 19:21:07
VD-26-0210-055-01,3002100005488M,0,1,69.0,1.0,S,3,,0,2022-01-02 19:21:07
VD-26-0210-055-01,3002100005488M,1,1,53.0,1.0,L,0,,0,2022-01-02 19:21:07
VD-26-0210-055-01,3002100005488M,1,1,53.0,1.0,S,1,,0,2022-01-02 19:21:07
VD-26-0210-060-01,3002100005951M,0,1,69.0,1.0,L,0,,0,2022-01-02 19:21:07
VD-26-0210-060-01,3002100005951M,0,1,69.0,1.0,S,1,,0,2022-01-02 19:21:07
VD-26-0210-060-01,3002100005951M,1,1,50.0,1.0,L,0,,0,2022-01-02 19:21:07
VD-26-0210-060-01,3002100005951M,1,1,50.0,1.0,S,1,,0,2022-01-02 19:21:07
VD-26-0210-060-02,3002100006063M,0,1,0,0,L,0,,0,2022-01-02 19:21:07
VD-26-0210-060-02,3002100006063M,0,1,0,0,S,0,,0,2022-01-02 19:21:07
VD-26-0210-068-01,3002100006847M,0,1,68.0,1.0,L,0,,0,2022-01-02 19:21:07
VD-26-0210-068-01,3002100006847M,0,1,68.0,1.0,S,3,,0,2022-01-02 19:21:07
VD-26-0210-068-01,3002100006847M,1,1,0,0,L,0,,0,2022-01-02 19:21:07
VD-26-0210-068-01,3002100006847M,1,1,0,0,S,0,,0,2022-01-02 19:21:07
VD-26-021A-001-01,3002110000129M,0,1,46.0,1.0,L,0,,0,2022-01-02 19:21:07
VD-26-021A-001-01,3002110000129M,0,1,46.0,1.0,S,1,,0,2022-01-02 19:21:07
VD-26-021A-006-01,3002110000627M,0,1,0,0,L,0,,0,2022-01-02 19:21:07
VD-26-021A-006-01,3002110000627M,0,1,0,0,S,0,,0,2022-01-02 19:21:07
VD-26-021A-010-01,3002110001027M,0,1,0,0,L,0,,0,2022-01-02 19:21:07
VD-26-021A-010-01,3002110001027M,0,1,0,0,S,0,,0,2022-01-02 19:21:07
VD-27-0160-018-01,3001600001829M,0,1,-99,-99,L,-99,,3,2022-01-02 19:21:07
VD-27-0160-018-01,3001600001829M,0,1,-99,-99,S,-99,,3,2022-01-02 19:21:07
VD-27-0160-018-01,3001600001829M,1,1,-99,-99,L,-99,,3,2022-01-02 19:21:07
VD-27-0160-018-01,3001600001829M,1,1,-99,-99,S,-99,,3,2022-01-02 19:21:07
VD-27-0160-018-01,3001600101829M,0,1,-99,-99,L,-99,,3,2022-01-02 19:21:07
VD-27-0160-018-01,3001600101829M,0,1,-99,-99,S,-99,,3,2022-01-02 19:21:07
VD-27-0160-018-01,3001600101829M,1,1,-99,-99,L,-99,,3,2022-01-02 19:21:07
VD-27-0160-018-01,3001600101829M,1,1,-99,-99,S,-99,,3,2022-01-02 19:21:07
VD-27-0210-078-01,3002100007715M,0,1,80.0,1.0,L,0,,0,2022-01-02 19:21:07
VD-27-0210-078-01,3002100007715M,0,1,80.0,1.0,S,1,,0,2022-01-02 19:21:07
VD-27-0210-083-01,3002100008288M,0,1,0,0,L,0,,0,2022-01-02 19:21:07
VD-27-0210-083-01,3002100008288M,0,1,0,0,S,0,,0,2022-01-02 19:21:07
VD-28-0630-004-01,3006300000440B,0,1,57.0,5.0,L,0,,0,2022-01-02 19:21:07
VD-28-0630-004-01,3006300000440B,0,1,57.0,5.0,S,18,,0,2022-01-02 19:21:07
VD-28-0630-004-01,3006300000440B,1,1,60.0,3.0,L,0,,0,2022-01-02 19:21:07
VD-28-0630-004-01,3006300000440B,1,1,60.0,3.0,S,11,,0,2022-01-02 19:21:07
VD-28-0630-004-01,3006300000440B,2,1,51.0,6.0,L,0,,0,2022-01-02 19:21:07
VD-28-0630-004-01,3006300000440B,2,1,51.0,6.0,S,13,,0,2022-01-02 19:21:07
VD-28-0630-008-01,3006300000850B,0,1,81.0,5.9,L,0,,0,2022-01-02 19:21:07
VD-28-0630-008-01,3006300000850B,0,1,81.0,5.9,S,8,,0,2022-01-02 19:21:07
VD-28-0630-008-01,3006300000850B,1,1,72.0,1,L,0,,0,2022-01-02 19:21:07
VD-28-0630-008-01,3006300000850B,1,1,72.0,1,S,2,,0,2022-01-02 19:21:07
VD-28-0630-008-01,3006300000850B,2,1,0,0,L,0,,0,2022-01-02 19:21:07
VD-28-0630-008-01,3006300000850B,2,1,0,0,S,0,,0,2022-01-02 19:21:07
VD-28-0630-011-01,3006300001100B,0,1,-99,-99,L,-99,,3,2022-01-02 19:21:07
VD-28-0630-011-01,3006300001100B,0,1,-99,-99,S,-99,,3,2022-01-02 19:21:07
VD-28-0630-011-01,3006300001100B,1,1,-99,-99,L,-99,,3,2022-01-02 19:21:07
VD-28-0630-011-01,3006300001100B,1,1,-99,-99,S,-99,,3,2022-01-02 19:21:07
VD-28-0630-011-01,3006300001100B,2,1,-99,-99,L,-99,,3,2022-01-02 19:21:07
VD-28-0630-011-01,3006300001100B,2,1,-99,-99,S,-99,,3,2022-01-02 19:21:07
VD-28-0630-011-01,3006300101100B,0,1,-99,-99,L,-99,,3,2022-01-02 19:21:07
VD-28-0630-011-01,3006300101100B,0,1,-99,-99,S,-99,,3,2022-01-02 19:21:07
VD-28-0630-011-01,3006300101100B,1,1,-99,-99,L,-99,,3,2022-01-02 19:21:07
VD-28-0630-011-01,3006300101100B,1,1,-99,-99,S,-99,,3,2022-01-02 19:21:07
VD-28-0630-011-01,3006300101100B,2,1,-99,-99,L,-99,,3,2022-01-02 19:21:07
VD-28-0630-011-01,3006300101100B,2,1,-99,-99,S,-99,,3,2022-01-02 19:21:07
VD-28-0630-015-01,3006300001500M,0,1,71.0,1.0,L,0,,0,2022-01-02 19:21:07
VD-28-0630-015-01,3006300001500M,0,1,71.0,1.0,S,1,,0,2022-01-02 19:21:07
VD-28-0630-015-01,3006300001500M,1,1,55.0,1.0,L,0,,0,2022-01-02 19:21:07
VD-28-0630-015-01,3006300001500M,1,1,55.0,1.0,S,2,,0,2022-01-02 19:21:07
VD-31-0010-345-01,3000100034582E,0,1,42.0,1.0,L,0,,0,2022-01-02 19:21:07
VD-31-0010-345-01,3000100034582E,0,1,42.0,1.0,S,2,,0,2022-01-02 19:21:07
VD-31-0010-345-01,3000100034582E,1,1,0,0,L,0,,0,2022-01-02 19:21:07
VD-31-0010-345-01,3000100034582E,1,1,0,0,S,0,,0,2022-01-02 19:21:07
VD-31-0010-350-01,3000100034975E,0,1,38.0,5.0,L,0,,0,2022-01-02 19:21:07
VD-31-0010-350-01,3000100034975E,0,1,38.0,5.0,S,12,,0,2022-01-02 19:21:07
VD-31-0010-350-01,3000100034975E,1,1,4.0,90.0,L,0,,0,2022-01-02 19:21:07
VD-31-0010-350-01,3000100034975E,1,1,4.0,90.0,S,6,,0,2022-01-02 19:21:07
VD-31-0010-360-01,3000100035957E,0,1,19.0,18.9,L,0,,0,2022-01-02 19:21:07
VD-31-0010-360-01,3000100035957E,0,1,19.0,18.9,S,6,,0,2022-01-02 19:21:07
VD-31-0010-360-01,3000100035957E,1,1,0,0,L,0,,0,2022-01-02 19:21:07
VD-31-0010-360-01,3000100035957E,1,1,0,0,S,0,,0,2022-01-02 19:21:07
VD-31-0010-360-01,3000100035957E,2,1,23.0,10.4,L,0,,0,2022-01-02 19:21:07
VD-31-0010-360-01,3000100035957E,2,1,23.0,10.4,S,4,,0,2022-01-02 19:21:07
VD-31-0010-362-01,3000100036257E,0,1,118.0,2.0,L,0,,0,2022-01-02 19:21:07
VD-31-0010-362-01,3000100036257E,0,1,118.0,2.0,S,4,,0,2022-01-02 19:21:07
VD-31-0010-362-01,3000100036257E,1,1,40,28.5,L,0,,0,2022-01-02 19:21:07
VD-31-0010-362-01,3000100036257E,1,1,40,28.5,S,19,,0,2022-01-02 19:21:07
VD-31-0010-362-01,3000100036257E,2,1,40,16.5,L,0,,0,2022-01-02 19:21:07
VD-31-0010-362-01,3000100036257E,2,1,40,16.5,S,11,,0,2022-01-02 19:21:07
VD-31-0010-371-01,3000100037161E,0,1,58.5,6.0,L,2,,0,2022-01-02 19:21:07
VD-31-0010-371-01,3000100037161E,0,1,58.5,6.0,S,5,,0,2022-01-02 19:21:07
VD-31-0010-371-01,3000100037161E,1,1,57.0,3.2,L,0,,0,2022-01-02 19:21:07
VD-31-0010-371-01,3000100037161E,1,1,57.0,3.2,S,3,,0,2022-01-02 19:21:07
VD-31-0010-387-01,3000100038751E,0,1,0,0,L,0,,0,2022-01-02 19:21:07
VD-31-0010-387-01,3000100038751E,0,1,0,0,S,0,,0,2022-01-02 19:21:07
VD-31-0010-387-01,3000100038751E,1,1,40.0,12.0,L,1,,0,2022-01-02 19:21:07
VD-31-0010-387-01,3000100038751E,1,1,40.0,12.0,S,7,,0,2022-01-02 19:21:07
VD-31-0010-387-01,3000100038751E,2,1,59.0,5.1,L,1,,0,2022-01-02 19:21:07
VD-31-0010-387-01,3000100038751E,2,1,59.0,5.1,S,4,,0,2022-01-02 19:21:07
VD-31-0010-459-01,3000100045751T,0,1,69.0,1.7,L,0,,0,2022-01-02 19:21:07
VD-31-0010-459-01,3000100045751T,0,1,69.0,1.7,S,2,,0,2022-01-02 19:21:07
VD-31-0010-459-01,3000100045751T,1,1,64.0,1.9,L,0,,0,2022-01-02 19:21:07
VD-31-0010-459-01,3000100045751T,1,1,64.0,1.9,S,2,,0,2022-01-02 19:21:07
VD-31-0010-459-01,3000100045751T,2,1,63.0,3.8,L,0,,0,2022-01-02 19:21:07
VD-31-0010-459-01,3000100045751T,2,1,63.0,3.8,S,4,,0,2022-01-02 19:21:07
VD-31-0030-404-01,3000300040434E,0,1,36.0,1.0,L,0,,0,2022-01-02 19:21:07
VD-31-0030-404-01,3000300040434E,0,1,36.0,1.0,S,1,,0,2022-01-02 19:21:07
VD-31-0030-404-01,3000300040434E,1,1,39.0,1.0,L,0,,0,2022-01-02 19:21:07
VD-31-0030-404-01,3000300040434E,1,1,39.0,1.0,S,1,,0,2022-01-02 19:21:07
VD-31-0030-404-02,3000300040434E,0,1,50.0,3.6,L,0,,0,2022-01-02 19:21:07
VD-31-0030-404-02,3000300040434E,0,1,50.0,3.6,S,3,,0,2022-01-02 19:21:07
VD-31-0030-404-02,3000300040434E,1,1,53.0,4.5,L,0,,0,2022-01-02 19:21:07
VD-31-0030-404-02,3000300040434E,1,1,53.0,4.5,S,4,,0,2022-01-02 19:21:07
VD-31-0030-405-01,3000300040434E,0,1,0,0,L,0,,0,2022-01-02 19:21:07
VD-31-0030-405-01,3000300040434E,0,1,0,0,S,0,,0,2022-01-02 19:21:07
VD-31-0030-405-01,3000300040434E,1,1,30.0,1.0,L,0,,0,2022-01-02 19:21:07
VD-31-0030-405-01,3000300040434E,1,1,30.0,1.0,S,1,,0,2022-01-02 19:21:07
VD-31-0030-407-01,3000300040750E,0,1,0,0,L,0,,0,2022-01-02 19:21:07
VD-31-0030-407-01,3000300040750E,0,1,0,0,S,0,,0,2022-01-02 19:21:07
VD-31-0030-407-01,3000300040750E,1,1,0,0,L,0,,0,2022-01-02 19:21:07
VD-31-0030-407-01,3000300040750E,1,1,0,0,S,0,,0,2022-01-02 19:21:07
VD-31-0030-410-01,3000300040625E,0,1,-99,-99,L,-99,,3,2022-01-02 19:21:07
VD-31-0030-410-01,3000300040625E,0,1,-99,-99,S,-99,,3,2022-01-02 19:21:07
VD-31-0030-410-01,3000300040625E,1,1,-99,-99,L,-99,,3,2022-01-02 19:21:07
VD-31-0030-410-01,3000300040625E,1,1,-99,-99,S,-99,,3,2022-01-02 19:21:07
VD-31-0030-410-01,3000300140625E,0,1,-99,-99,L,-99,,3,2022-01-02 19:21:07
VD-31-0030-410-01,3000300140625E,0,1,-99,-99,S,-99,,3,2022-01-02 19:21:07
VD-31-0030-410-01,3000300140625E,1,1,-99,-99,L,-99,,3,2022-01-02 19:21:07
VD-31-0030-410-01,3000300140625E,1,1,-99,-99,S,-99,,3,2022-01-02 19:21:07
VD-31-0030-410-02,3000300040398E,0,1,61.0,2.0,L,0,,0,2022-01-02 19:21:07
VD-31-0030-410-02,3000300040398E,0,1,61.0,2.0,S,2,,0,2022-01-02 19:21:07
VD-31-0030-410-02,3000300040398E,1,1,48.0,2.5,L,0,,0,2022-01-02 19:21:07
VD-31-0030-410-02,3000300040398E,1,1,48.0,2.5,S,2,,0,2022-01-02 19:21:07
VD-31-0030-412-01,3000300040843E,0,1,54.0,2.2,L,0,,0,2022-01-02 19:21:07
VD-31-0030-412-01,3000300040843E,0,1,54.0,2.2,S,2,,0,2022-01-02 19:21:07
VD-31-0030-412-01,3000300040843E,1,1,37.0,42.0,L,1,,0,2022-01-02 19:21:07
VD-31-0030-412-01,3000300040843E,1,1,37.0,42.0,S,14,,0,2022-01-02 19:21:07
VD-31-0170-194-01,3001700019462E,0,1,64.0,7.5,L,0,,0,2022-01-02 19:21:07
VD-31-0170-194-01,3001700019462E,0,1,64.0,7.5,S,8,,0,2022-01-02 19:21:07
VD-31-0170-194-01,3001700019462E,1,1,48.0,2.0,L,0,,0,2022-01-02 19:21:07
VD-31-0170-194-01,3001700019462E,1,1,48.0,2.0,S,6,,0,2022-01-02 19:21:07
VD-31-0170-211-01,3001700021130E,0,1,45.5,5.0,L,1,,0,2022-01-02 19:21:07
VD-31-0170-211-01,3001700021130E,0,1,45.5,5.0,S,10,,0,2022-01-02 19:21:07
VD-31-0170-211-01,3001700021130E,1,1,57.0,2.0,L,0,,0,2022-01-02 19:21:07
VD-31-0170-211-01,3001700021130E,1,1,57.0,2.0,S,5,,0,2022-01-02 19:21:07
VD-31-0170-243-01,3001700024314E,0,1,0,0,L,0,,0,2022-01-02 19:21:07
VD-31-0170-243-01,3001700024314E,0,1,0,0,S,0,,0,2022-01-02 19:21:07
VD-31-0170-243-01,3001700024314E,1,1,46.0,1,L,0,,0,2022-01-02 19:21:07
VD-31-0170-243-01,3001700024314E,1,1,46.0,1,S,1,,0,2022-01-02 19:21:07
VD-31-0170-247-01,3001700024729E,0,1,63.0,1.0,L,0,,0,2022-01-02 19:21:07
VD-31-0170-247-01,3001700024729E,0,1,63.0,1.0,S,3,,0,2022-01-02 19:21:07
VD-31-0170-247-01,3001700024729E,1,1,46.0,2.0,L,0,,0,2022-01-02 19:21:07
VD-31-0170-247-01,3001700024729E,1,1,46.0,2.0,S,4,,0,2022-01-02 19:21:07
VD-31-019A-058-01,3001910005918E,0,1,48.0,2.5,L,0,,0,2022-01-02 19:21:07
VD-31-019A-058-01,3001910005918E,0,1,48.0,2.5,S,2,,0,2022-01-02 19:21:07
VD-31-019A-058-01,3001910005918E,1,1,24.0,12.0,L,0,,0,2022-01-02 19:21:07
VD-31-019A-058-01,3001910005918E,1,1,24.0,12.0,S,3,,0,2022-01-02 19:21:07
VD-31-019A-065-01,3001910006712E,0,1,46.0,9.1,L,3,,0,2022-01-02 19:21:07
VD-31-019A-065-01,3001910006712E,0,1,46.0,9.1,S,4,,0,2022-01-02 19:21:07
VD-31-019A-065-01,3001910006712E,1,1,0,0,L,0,,0,2022-01-02 19:21:07
VD-31-019A-065-01,3001910006712E,1,1,0,0,S,0,,0,2022-01-02 19:21:07
VD-31-0250-002-01,3002500000730E,0,1,24.0,2.0,L,0,,0,2022-01-02 19:21:07
VD-31-0250-002-01,3002500000730E,0,1,24.0,2.0,S,3,,0,2022-01-02 19:21:07
VD-31-0250-006-01,3002500000557E,0,1,64.0,4.7,L,0,,0,2022-01-02 19:21:07
VD-31-0250-006-01,3002500000557E,0,1,64.0,4.7,S,5,,0,2022-01-02 19:21:07
VD-31-0250-006-01,3002500000557E,1,1,66.0,1.0,L,0,,0,2022-01-02 19:21:07
VD-31-0250-006-01,3002500000557E,1,1,66.0,1.0,S,1,,0,2022-01-02 19:21:07
VD-31-0250-006-02,3002500000730E,0,1,54.0,2.0,L,0,,0,2022-01-02 19:21:07
VD-31-0250-006-02,3002500000730E,0,1,54.0,2.0,S,4,,0,2022-01-02 19:21:07
VD-31-0250-006-02,3002500000730E,1,1,52.0,6.9,L,0,,0,2022-01-02 19:21:07
VD-31-0250-006-02,3002500000730E,1,1,52.0,6.9,S,6,,0,2022-01-02 19:21:07
VD-31-0250-011-01,3002500001105E,0,1,24.0,12.5,L,0,,0,2022-01-02 19:21:07
VD-31-0250-011-01,3002500001105E,0,1,24.0,12.5,S,5,,0,2022-01-02 19:21:07
VD-31-0250-011-01,3002500001105E,1,1,25.5,18.8,L,1,,0,2022-01-02 19:21:07
VD-31-0250-011-01,3002500001105E,1,1,25.5,18.8,S,7,,0,2022-01-02 19:21:07
VD-31-0280-005-01,3002800000480E,0,1,54.0,5.0,L,0,,0,2022-01-02 19:21:07
VD-31-0280-005-01,3002800000480E,0,1,54.0,5.0,S,6,,0,2022-01-02 19:21:07
VD-31-0280-005-01,3002800000480E,1,1,55.0,15.0,L,10,,0,2022-01-02 19:21:07
VD-31-0280-005-01,3002800000480E,1,1,55.0,15.0,S,0,,0,2022-01-02 19:21:07
VD-31-0280-006-01,3002800000611E,0,1,49.0,1.0,L,0,,0,2022-01-02 19:21:07
VD-31-0280-006-01,3002800000611E,0,1,49.0,1.0,S,1,,0,2022-01-02 19:21:07
VD-31-0280-006-01,3002800000611E,1,1,0,0,L,0,,0,2022-01-02 19:21:07
VD-31-0280-006-01,3002800000611E,1,1,0,0,S,0,,0,2022-01-02 19:21:07
VD-31-0280-013-01,3002800001352E,0,1,97.0,1.0,L,0,,0,2022-01-02 19:21:07
VD-31-0280-013-01,3002800001352E,0,1,97.0,1.0,S,1,,0,2022-01-02 19:21:07
VD-31-0280-015-01,3002800001495E,0,1,48.0,2.0,L,0,,0,2022-01-02 19:21:07
VD-31-0280-015-01,3002800001495E,0,1,48.0,2.0,S,5,,0,2022-01-02 19:21:07
VD-31-0280-015-02,3002800001596E,0,1,26.5,19.0,L,2,,0,2022-01-02 19:21:07
VD-31-0280-015-02,3002800001596E,0,1,26.5,19.0,S,3,,0,2022-01-02 19:21:07
VD-31-0280-015-02,3002800001596E,1,1,27.0,12.0,L,0,,0,2022-01-02 19:21:07
VD-31-0280-015-02,3002800001596E,1,1,27.0,12.0,S,3,,0,2022-01-02 19:21:07
VD-31-0280-020-01,3002800002064E,0,1,54.0,1,L,0,,0,2022-01-02 19:21:07
VD-31-0280-020-01,3002800002064E,0,1,54.0,1,S,2,,0,2022-01-02 19:21:07
VD-31-0280-020-01,3002800002064E,1,1,54.0,1,L,0,,0,2022-01-02 19:21:07
VD-31-0280-020-01,3002800002064E,1,1,54.0,1,S,3,,0,2022-01-02 19:21:07
VD-31-0290-079-01,3002900007935E,0,1,48.0,4.0,L,0,,0,2022-01-02 19:21:07
VD-31-0290-079-01,3002900007935E,0,1,48.0,4.0,S,4,,0,2022-01-02 19:21:07
VD-31-0290-079-01,3002900007935E,1,1,46.5,8.0,L,3,,0,2022-01-02 19:21:07
VD-31-0290-079-01,3002900007935E,1,1,46.5,8.0,S,3,,0,2022-01-02 19:21:07
VD-31-0290-094-01,3002900009427E,0,1,29.0,2.1,L,0,,0,2022-01-02 19:21:07
VD-31-0290-094-01,3002900009427E,0,1,29.0,2.1,S,1,,0,2022-01-02 19:21:07
VD-31-0290-094-01,3002900009427E,1,1,28.0,8.6,L,0,,0,2022-01-02 19:21:07
VD-31-0290-094-01,3002900009427E,1,1,28.0,8.6,S,4,,0,2022-01-02 19:21:07
VD-31-0290-108-01,3002900010740E,0,1,64.0,11.3,L,0,,0,2022-01-02 19:21:07
VD-31-0290-108-01,3002900010740E,0,1,64.0,11.3,S,12,,0,2022-01-02 19:21:07
VD-31-0390-016-001,3003900101635E,0,1,53.0,4.0,L,0,,0,2022-01-02 19:21:07
VD-31-0390-016-001,3003900101635E,0,1,53.0,4.0,S,10,,0,2022-01-02 19:21:07
VD-31-0390-016-001,3003900101635E,1,1,0,0,L,0,,0,2022-01-02 19:21:07
VD-31-0390-016-001,3003900101635E,1,1,0,0,S,0,,0,2022-01-02 19:21:07
VD-32-0010-403-01,3000100040319T,0,1,52.0,2.3,L,0,,0,2022-01-02 19:21:07
VD-32-0010-403-01,3000100040319T,0,1,52.0,2.3,S,2,,0,2022-01-02 19:21:07
VD-32-0010-403-01,3000100040319T,1,1,51.0,9.0,L,0,,0,2022-01-02 19:21:07
VD-32-0010-403-01,3000100040319T,1,1,51.0,9.0,S,5,,0,2022-01-02 19:21:07
VD-32-0010-407-01,3000100040723T,0,1,0,0,L,0,,0,2022-01-02 19:21:07
VD-32-0010-407-01,3000100040723T,0,1,0,0,S,0,,0,2022-01-02 19:21:07
VD-32-0010-407-01,3000100040723T,1,1,0,0,L,0,,0,2022-01-02 19:21:07
VD-32-0010-407-01,3000100040723T,1,1,0,0,S,0,,0,2022-01-02 19:21:07
VD-32-0010-413-01,3000100041245T,0,1,60.0,4.0,L,0,,0,2022-01-02 19:21:07
VD-32-0010-413-01,3000100041245T,0,1,60.0,4.0,S,4,,0,2022-01-02 19:21:07
VD-32-0010-413-01,3000100041245T,1,1,98.0,1.2,L,0,,0,2022-01-02 19:21:07
VD-32-0010-413-01,3000100041245T,1,1,98.0,1.2,S,2,,0,2022-01-02 19:21:07
VD-32-0010-414-01,3000100041386T,0,1,25.0,2.4,L,1,,0,2022-01-02 19:21:07
VD-32-0010-414-01,3000100041386T,0,1,25.0,2.4,S,0,,0,2022-01-02 19:21:07
VD-32-0010-424-01,3000100042327T,0,1,0,0,L,0,,0,2022-01-02 19:21:07
VD-32-0010-424-01,3000100042327T,0,1,0,0,S,0,,0,2022-01-02 19:21:07
VD-32-0010-424-01,3000100042327T,1,1,57.0,2.0,L,0,,0,2022-01-02 19:21:07
VD-32-0010-424-01,3000100042327T,1,1,57.0,2.0,S,4,,0,2022-01-02 19:21:07
VD-32-0010-428-01,3000100042858T,0,1,63.0,4.0,L,0,,0,2022-01-02 19:21:07
VD-32-0010-428-01,3000100042858T,0,1,63.0,4.0,S,17,,0,2022-01-02 19:21:07
VD-32-0010-428-01,3000100042858T,1,1,52.0,8.0,L,1,,0,2022-01-02 19:21:07
VD-32-0010-428-01,3000100042858T,1,1,52.0,8.0,S,15,,0,2022-01-02 19:21:07
VD-32-0170-253-01,3001700025309T,0,1,0,0,L,0,,0,2022-01-02 19:21:07
VD-32-0170-253-01,3001700025309T,0,1,0,0,S,0,,0,2022-01-02 19:21:07
VD-32-0170-253-01,3001700025309T,1,1,0,0,L,0,,0,2022-01-02 19:21:07
VD-32-0170-253-01,3001700025309T,1,1,0,0,S,0,,0,2022-01-02 19:21:07
VD-32-0170-260-01,3001700026142T,0,1,0,0,L,0,,0,2022-01-02 19:21:07
VD-32-0170-260-01,3001700026142T,0,1,0,0,S,0,,0,2022-01-02 19:21:07
VD-32-0170-260-01,3001700026142T,1,1,0,0,L,0,,0,2022-01-02 19:21:07
VD-32-0170-260-01,3001700026142T,1,1,0,0,S,0,,0,2022-01-02 19:21:07
VD-32-0170-261-01,3001700026142T,0,1,95.0,0.6,L,0,,0,2022-01-02 19:21:07
VD-32-0170-261-01,3001700026142T,0,1,95.0,0.6,S,1,,0,2022-01-02 19:21:07
VD-32-0170-261-01,3001700026142T,1,1,0,0,L,0,,0,2022-01-02 19:21:07
VD-32-0170-261-01,3001700026142T,1,1,0,0,S,0,,0,2022-01-02 19:21:07
VD-32-0170-263-01,3001700026373T,0,1,28.0,5.0,L,0,,0,2022-01-02 19:21:07
VD-32-0170-263-01,3001700026373T,0,1,28.0,5.0,S,8,,0,2022-01-02 19:21:07
VD-32-0170-266-01,3001700026560T,0,1,0,0,L,0,,0,2022-01-02 19:21:07
VD-32-0170-266-01,3001700026560T,0,1,0,0,S,0,,0,2022-01-02 19:21:07
VD-32-0170-266-01,3001700026560T,1,1,51.0,2.0,L,1,,0,2022-01-02 19:21:07
VD-32-0170-266-01,3001700026560T,1,1,51.0,2.0,S,2,,0,2022-01-02 19:21:07
VD-32-0170-268-01,3001700026855T,0,1,0,0,L,0,,0,2022-01-02 19:21:07
VD-32-0170-268-01,3001700026855T,0,1,0,0,S,0,,0,2022-01-02 19:21:07
VD-32-0170-268-01,3001700026855T,1,1,0,0,L,0,,0,2022-01-02 19:21:07
VD-32-0170-268-01,3001700026855T,1,1,0,0,S,0,,0,2022-01-02 19:21:07
VD-32-0240-003-01,3002400000303T,0,1,0,0,L,0,,0,2022-01-02 19:21:07
VD-32-0240-003-01,3002400000303T,0,1,0,0,S,0,,0,2022-01-02 19:21:07
VD-32-0240-019-01,3002400001828T,0,1,0,0,L,0,,0,2022-01-02 19:21:07
VD-32-0240-019-01,3002400001828T,0,1,0,0,S,0,,0,2022-01-02 19:21:07
VD-32-0240-019-01,3002400001828T,1,1,0,0,L,0,,0,2022-01-02 19:21:07
VD-32-0240-019-01,3002400001828T,1,1,0,0,S,0,,0,2022-01-02 19:21:07
VD-32-0240-019-02,3002400001828T,0,1,54.5,5.5,L,1,,0,2022-01-02 19:21:07
VD-32-0240-019-02,3002400001828T,0,1,54.5,5.5,S,4,,0,2022-01-02 19:21:07
VD-32-0240-019-02,3002400001828T,1,1,0,0,L,0,,0,2022-01-02 19:21:07
VD-32-0240-019-02,3002400001828T,1,1,0,0,S,0,,0,2022-01-02 19:21:07
VD-32-0240-021-01,3002400002087T,0,1,39.0,1,L,0,,0,2022-01-02 19:21:07
VD-32-0240-021-01,3002400002087T,0,1,39.0,1,S,1,,0,2022-01-02 19:21:07
VD-32-0270-055-01,3002700005517T,0,1,40.5,10.0,L,4,,0,2022-01-02 19:21:07
VD-32-0270-055-01,3002700005517T,0,1,40.5,10.0,S,3,,0,2022-01-02 19:21:07
VD-32-0270-057-01,3002700005778T,0,1,0,0,L,0,,0,2022-01-02 19:21:07
VD-32-0270-057-01,3002700005778T,0,1,0,0,S,0,,0,2022-01-02 19:21:07
VD-32-0270-057-01,3002700005778T,1,1,61.0,1.0,L,0,,0,2022-01-02 19:21:07
VD-32-0270-057-01,3002700005778T,1,1,61.0,1.0,S,1,,0,2022-01-02 19:21:07
VD-32-0270-067-01,3002700006763T,0,1,0,0,L,0,,0,2022-01-02 19:21:07
VD-32-0270-067-01,3002700006763T,0,1,0,0,S,0,,0,2022-01-02 19:21:07
VD-32-0270-067-01,3002700006763T,1,1,0,0,L,0,,0,2022-01-02 19:21:07
VD-32-0270-067-01,3002700006763T,1,1,0,0,S,0,,0,2022-01-02 19:21:07
VD-33-0090-307-01,3000900030751V,0,1,-99,-99,L,-99,,3,2022-01-02 19:21:07
VD-33-0090-307-01,3000900030751V,0,1,-99,-99,S,-99,,3,2022-01-02 19:21:07
VD-33-0090-307-01,3000900130751V,0,1,-99,-99,L,-99,,3,2022-01-02 19:21:07
VD-33-0090-307-01,3000900130751V,0,1,-99,-99,S,-99,,3,2022-01-02 19:21:07
VD-33-0090-317-01,3000900031695V,0,1,-99,-99,L,-99,,3,2022-01-02 19:21:07
VD-33-0090-317-01,3000900031695V,0,1,-99,-99,S,-99,,3,2022-01-02 19:21:07
VD-33-0090-317-01,3000900131695V,0,1,-99,-99,L,-99,,3,2022-01-02 19:21:07
VD-33-0090-317-01,3000900131695V,0,1,-99,-99,S,-99,,3,2022-01-02 19:21:07
VD-33-0090-346-01,3000900034641V,0,1,-99,-99,L,-99,,3,2022-01-02 19:21:07
VD-33-0090-346-01,3000900034641V,0,1,-99,-99,S,-99,,3,2022-01-02 19:21:07
VD-33-0090-346-01,3000900134641V,0,1,-99,-99,L,-99,,3,2022-01-02 19:21:07
VD-33-0090-346-01,3000900134641V,0,1,-99,-99,S,-99,,3,2022-01-02 19:21:07
VD-33-0090-357-01,3000900034133V,0,1,66.0,2.0,L,0,,0,2022-01-02 19:21:07
VD-33-0090-357-01,3000900034133V,0,1,66.0,2.0,S,6,,0,2022-01-02 19:21:07
VD-33-0090-360-01,3000900034467V,0,1,46.0,2.0,L,0,,0,2022-01-02 19:21:07
VD-33-0090-360-01,3000900034467V,0,1,46.0,2.0,S,6,,0,2022-01-02 19:21:07
VD-33-0090-368-01,3000900035210V,0,1,0,0,L,0,,0,2022-01-02 19:21:07
VD-33-0090-368-01,3000900035210V,0,1,0,0,S,0,,0,2022-01-02 19:21:07
VD-33-0090-374-01,3000900035876V,0,1,-99,-99,L,-99,,3,2022-01-02 19:21:07
VD-33-0090-374-01,3000900035876V,0,1,-99,-99,S,-99,,3,2022-01-02 19:21:07
VD-33-0090-374-01,3000900035876V,1,1,-99,-99,L,-99,,3,2022-01-02 19:21:07
VD-33-0090-374-01,3000900035876V,1,1,-99,-99,S,-99,,3,2022-01-02 19:21:07
VD-33-0090-374-01,3000900135876V,0,1,-99,-99,L,-99,,3,2022-01-02 19:21:07
VD-33-0090-374-01,3000900135876V,0,1,-99,-99,S,-99,,3,2022-01-02 19:21:07
VD-33-0090-374-01,3000900135876V,1,1,-99,-99,L,-99,,3,2022-01-02 19:21:07
VD-33-0090-374-01,3000900135876V,1,1,-99,-99,S,-99,,3,2022-01-02 19:21:07
VD-33-0090-379-01,3000900036364V,0,1,48.0,2.0,L,0,,0,2022-01-02 19:21:07
VD-33-0090-379-01,3000900036364V,0,1,48.0,2.0,S,4,,0,2022-01-02 19:21:07
VD-33-0090-379-01,3000900036364V,1,1,0,0,L,0,,0,2022-01-02 19:21:07
VD-33-0090-379-01,3000900036364V,1,1,0,0,S,0,,0,2022-01-02 19:21:07
VD-33-0090-380-01,3000900036488V,0,1,43.0,1,L,0,,0,2022-01-02 19:21:07
VD-33-0090-380-01,3000900036488V,0,1,43.0,1,S,2,,0,2022-01-02 19:21:07
VD-33-0090-380-01,3000900036488V,1,1,35.0,6.9,L,0,,0,2022-01-02 19:21:07
VD-33-0090-380-01,3000900036488V,1,1,35.0,6.9,S,4,,0,2022-01-02 19:21:07
VD-33-0090-382-01,3000900038280V,0,1,48.0,1,L,0,,0,2022-01-02 19:21:07
VD-33-0090-382-01,3000900038280V,0,1,48.0,1,S,1,,0,2022-01-02 19:21:07
VD-33-0090-382-01,3000900038280V,1,1,53.0,1,L,1,,0,2022-01-02 19:21:07
VD-33-0090-382-01,3000900038280V,1,1,53.0,1,S,3,,0,2022-01-02 19:21:07
VD-33-0090-390-01,3000900037514V,0,1,62.0,1,L,0,,0,2022-01-02 19:21:07
VD-33-0090-390-01,3000900037514V,0,1,62.0,1,S,1,,0,2022-01-02 19:21:07
VD-33-0090-390-01,3000900037514V,1,1,0,0,L,0,,0,2022-01-02 19:21:07
VD-33-0090-390-01,3000900037514V,1,1,0,0,S,0,,0,2022-01-02 19:21:07
VD-33-0090-393-01,3000900037728V,0,1,64.0,2.8,L,2,,0,2022-01-02 19:21:07
VD-33-0090-393-01,3000900037728V,0,1,64.0,2.8,S,1,,0,2022-01-02 19:21:07
VD-33-0090-393-01,3000900037728V,1,1,62.0,7.7,L,0,,0,2022-01-02 19:21:07
VD-33-0090-393-01,3000900037728V,1,1,62.0,7.7,S,8,,0,2022-01-02 19:21:07
VD-33-0090-413-02,3000900039789V,0,1,51.0,3.0,L,0,,0,2022-01-02 19:21:07
VD-33-0090-413-02,3000900039789V,0,1,51.0,3.0,S,7,,0,2022-01-02 19:21:07
VD-33-0090-413-02,3000900039789V,1,1,52.0,3.0,L,0,,0,2022-01-02 19:21:07
VD-33-0090-413-02,3000900039789V,1,1,52.0,3.0,S,6,,0,2022-01-02 19:21:07
VD-33-0090-421-01,3000900040362V,0,1,51.0,1,L,0,,0,2022-01-02 19:21:07
VD-33-0090-421-01,3000900040362V,0,1,51.0,1,S,1,,0,2022-01-02 19:21:07
VD-33-0090-421-01,3000900040362V,1,1,86.0,1,L,0,,0,2022-01-02 19:21:07
VD-33-0090-421-01,3000900040362V,1,1,86.0,1,S,4,,0,2022-01-02 19:21:07
VD-33-0090-432-01,3000900041581V,0,1,0,0,L,0,,0,2022-01-02 19:21:07
VD-33-0090-432-01,3000900041581V,0,1,0,0,S,0,,0,2022-01-02 19:21:07
VD-33-0090-432-01,3000900041581V,1,1,0,0,L,0,,0,2022-01-02 19:21:07
VD-33-0090-432-01,3000900041581V,1,1,0,0,S,0,,0,2022-01-02 19:21:07
VD-33-0090-433-01,3000900041581V,0,1,0,0,L,0,,0,2022-01-02 19:21:07
VD-33-0090-433-01,3000900041581V,0,1,0,0,S,0,,0,2022-01-02 19:21:07
VD-33-0090-433-01,3000900041581V,1,1,77.0,1,L,0,,0,2022-01-02 19:21:07
VD-33-0090-433-01,3000900041581V,1,1,77.0,1,S,1,,0,2022-01-02 19:21:07
VD-33-0090-441-01,3000900042414V,0,1,0,0,L,0,,0,2022-01-02 19:21:07
VD-33-0090-441-01,3000900042414V,0,1,0,0,S,0,,0,2022-01-02 19:21:07
VD-33-0090-441-01,3000900042414V,1,1,61.0,4.9,L,0,,0,2022-01-02 19:21:07
VD-33-0090-441-01,3000900042414V,1,1,61.0,4.9,S,5,,0,2022-01-02 19:21:07
VD-33-009B-001-001,3000920000114V,0,1,57.0,1.0,L,0,,0,2022-01-02 19:21:07
VD-33-009B-001-001,3000920000114V,0,1,57.0,1.0,S,1,,0,2022-01-02 19:21:07
VD-33-009B-001-001,3000920000114V,1,1,48.0,1.0,L,0,,0,2022-01-02 19:21:07
VD-33-009B-001-001,3000920000114V,1,1,48.0,1.0,S,3,,0,2022-01-02 19:21:07
VD-33-0110-076-01,3001100007533V,0,1,0,0,L,0,,0,2022-01-02 19:21:07
VD-33-0110-076-01,3001100007533V,0,1,0,0,S,0,,0,2022-01-02 19:21:07
VD-33-0110-076-02,3001100007533V,0,1,90.0,1,L,0,,0,2022-01-02 19:21:07
VD-33-0110-076-02,3001100007533V,0,1,90.0,1,S,2,,0,2022-01-02 19:21:07
VD-33-0110-111-01,3001100010958V,0,1,78.0,1,L,0,,0,2022-01-02 19:21:07
VD-33-0110-111-01,3001100010958V,0,1,78.0,1,S,2,,0,2022-01-02 19:21:07
VD-33-0110-112-01,3001100011129V,0,1,75.0,1.0,L,1,,0,2022-01-02 19:21:07
VD-33-0110-112-01,3001100011129V,0,1,75.0,1.0,S,0,,0,2022-01-02 19:21:07
VD-33-0110-130-01,3001100012826V,0,1,0,0,L,0,,0,2022-01-02 19:21:07
VD-33-0110-130-01,3001100012826V,0,1,0,0,S,0,,0,2022-01-02 19:21:07
VD-33-0110-146-01,3001100014412V,0,1,-99,-99,L,-99,,3,2022-01-02 19:21:07
VD-33-0110-146-01,3001100014412V,0,1,-99,-99,S,-99,,3,2022-01-02 19:21:07
VD-33-0110-146-01,3001100114412V,0,1,-99,-99,L,-99,,3,2022-01-02 19:21:07
VD-33-0110-146-01,3001100114412V,0,1,-99,-99,S,-99,,3,2022-01-02 19:21:07
VD-33-0110-147-01,3001100014512V,0,1,75.0,3.2,L,1,,0,2022-01-02 19:21:07
VD-33-0110-147-01,3001100014512V,0,1,75.0,3.2,S,3,,0,2022-01-02 19:21:07
VD-33-0110-159-01,3001100015780V,0,1,62.0,2.0,L,0,,0,2022-01-02 19:21:07
VD-33-0110-159-01,3001100015780V,0,1,62.0,2.0,S,6,,0,2022-01-02 19:21:07
VD-33-0110-161-01,3001100016013V,0,1,-99,-99,L,-99,,3,2022-01-02 19:21:07
VD-33-0110-161-01,3001100016013V,0,1,-99,-99,S,-99,,3,2022-01-02 19:21:07
VD-33-0110-161-01,3001100016013V,1,1,-99,-99,L,-99,,3,2022-01-02 19:21:07
VD-33-0110-161-01,3001100016013V,1,1,-99,-99,S,-99,,3,2022-01-02 19:21:07
VD-33-0110-161-01,3001100116009V,0,1,-99,-99,L,-99,,3,2022-01-02 19:21:07
VD-33-0110-161-01,3001100116009V,0,1,-99,-99,S,-99,,3,2022-01-02 19:21:07
VD-33-0110-161-01,3001100116009V,1,1,-99,-99,L,-99,,3,2022-01-02 19:21:07
VD-33-0110-161-01,3001100116009V,1,1,-99,-99,S,-99,,3,2022-01-02 19:21:07
VD-33-0110-164-01,3001100016352V,0,1,0,0,L,0,,0,2022-01-02 19:21:07
VD-33-0110-164-01,3001100016352V,0,1,0,0,S,0,,0,2022-01-02 19:21:07
VD-33-0110-164-01,3001100016352V,1,1,0,0,L,0,,0,2022-01-02 19:21:07
VD-33-0110-164-01,3001100016352V,1,1,0,0,S,0,,0,2022-01-02 19:21:07
VD-33-0110-172-01,3001100016975V,0,1,57.0,1,L,1,,0,2022-01-02 19:21:07
VD-33-0110-172-01,3001100016975V,0,1,57.0,1,S,2,,0,2022-01-02 19:21:07
VD-33-0110-172-01,3001100016975V,1,1,65.0,3.0,L,0,,0,2022-01-02 19:21:07
VD-33-0110-172-01,3001100016975V,1,1,65.0,3.0,S,7,,0,2022-01-02 19:21:07
VD-33-0110-172-01,3001100016975V,2,1,67.0,3.0,L,0,,0,2022-01-02 19:21:07
VD-33-0110-172-01,3001100016975V,2,1,67.0,3.0,S,8,,0,2022-01-02 19:21:07
VD-33-011B-005-001,3001120000540V,0,1,35.0,1.0,L,1,,0,2022-01-02 19:21:07
VD-33-011B-005-001,3001120000540V,0,1,35.0,1.0,S,0,,0,2022-01-02 19:21:07
VD-33-0300-031-01,3003000003087V,0,1,-99,-99,L,-99,,3,2022-01-02 19:21:07
VD-33-0300-031-01,3003000003087V,0,1,-99,-99,S,-99,,3,2022-01-02 19:21:07
VD-33-0300-031-01,3003000103087V,0,1,-99,-99,L,-99,,3,2022-01-02 19:21:07
VD-33-0300-031-01,3003000103087V,0,1,-99,-99,S,-99,,3,2022-01-02 19:21:07
VD-34-0090-436-01,3000900041831V,0,1,-99,-99,L,-99,,3,2022-01-02 19:21:07
VD-34-0090-436-01,3000900041831V,0,1,-99,-99,S,-99,,3,2022-01-02 19:21:07
VD-34-0090-436-01,3000900041831V,1,1,-99,-99,L,-99,,3,2022-01-02 19:21:07
VD-34-0090-436-01,3000900041831V,1,1,-99,-99,S,-99,,3,2022-01-02 19:21:07
VD-34-0090-436-01,3000900141831V,0,1,-99,-99,L,-99,,3,2022-01-02 19:21:07
VD-34-0090-436-01,3000900141831V,0,1,-99,-99,S,-99,,3,2022-01-02 19:21:07
VD-34-0090-436-01,3000900141831V,1,1,-99,-99,L,-99,,3,2022-01-02 19:21:07
VD-34-0090-436-01,3000900141831V,1,1,-99,-99,S,-99,,3,2022-01-02 19:21:07
VD-34-0090-473-01,3000900044977T,0,1,65.0,5.0,L,0,,0,2022-01-02 19:21:07
VD-34-0090-473-01,3000900044977T,0,1,65.0,5.0,S,7,,0,2022-01-02 19:21:07
VD-34-0090-473-01,3000900044977T,1,1,59.0,5.0,L,0,,0,2022-01-02 19:21:07
VD-34-0090-473-01,3000900044977T,1,1,59.0,5.0,S,13,,0,2022-01-02 19:21:07
VD-34-0090-473-02,3000900044977T,0,1,36.0,17.0,L,0,,0,2022-01-02 19:21:07
VD-34-0090-473-02,3000900044977T,0,1,36.0,17.0,S,10,,0,2022-01-02 19:21:07
VD-34-0090-473-02,3000900044977T,1,1,28.0,20.0,L,0,,0,2022-01-02 19:21:07
VD-34-0090-473-02,3000900044977T,1,1,28.0,20.0,S,9,,0,2022-01-02 19:21:07
VD-34-0090-473-03,3000900044977T,0,1,-99,-99,L,-99,,3,2022-01-02 19:21:07
VD-34-0090-473-03,3000900044977T,0,1,-99,-99,S,-99,,3,2022-01-02 19:21:07
VD-34-0090-473-03,3000900044977T,1,1,-99,-99,L,-99,,3,2022-01-02 19:21:07
VD-34-0090-473-03,3000900044977T,1,1,-99,-99,S,-99,,3,2022-01-02 19:21:07
VD-34-0090-473-03,3000900144977T,0,1,-99,-99,L,-99,,3,2022-01-02 19:21:07
VD-34-0090-473-03,3000900144977T,0,1,-99,-99,S,-99,,3,2022-01-02 19:21:07
VD-34-0090-473-03,3000900144977T,1,1,-99,-99,L,-99,,3,2022-01-02 19:21:07
VD-34-0090-473-03,3000900144977T,1,1,-99,-99,S,-99,,3,2022-01-02 19:21:07
VD-34-0200-058-01,3002000005760E,0,1,0,0,L,0,,0,2022-01-02 19:21:07
VD-34-0200-058-01,3002000005760E,0,1,0,0,S,0,,0,2022-01-02 19:21:07
VD-34-0200-058-01,3002000005760E,1,1,0,0,L,0,,0,2022-01-02 19:21:07
VD-34-0200-058-01,3002000005760E,1,1,0,0,S,0,,0,2022-01-02 19:21:07
VD-34-0200-072-01,3002000007187E,0,1,0,0,L,0,,0,2022-01-02 19:21:07
VD-34-0200-072-01,3002000007187E,0,1,0,0,S,0,,0,2022-01-02 19:21:07
VD-34-0200-073-01,3002000007250E,0,1,-99,-99,L,-99,,3,2022-01-02 19:21:07
VD-34-0200-073-01,3002000007250E,0,1,-99,-99,S,-99,,3,2022-01-02 19:21:07
VD-34-0200-073-01,3002000107250E,0,1,-99,-99,L,-99,,3,2022-01-02 19:21:07
VD-34-0200-073-01,3002000107250E,0,1,-99,-99,S,-99,,3,2022-01-02 19:21:07
VD-34-0200-078-01,3002000007790E,0,1,24.5,3.0,L,1,,0,2022-01-02 19:21:07
VD-34-0200-078-01,3002000007790E,0,1,24.5,3.0,S,1,,0,2022-01-02 19:21:07
VD-34-0270-004-01,3002700000379E,0,1,-99,-99,L,-99,,3,2022-01-02 19:21:07
VD-34-0270-004-01,3002700000379E,0,1,-99,-99,S,-99,,3,2022-01-02 19:21:07
VD-34-0270-004-01,3002700100379E,0,1,-99,-99,L,-99,,3,2022-01-02 19:21:07
VD-34-0270-004-01,3002700100379E,0,1,-99,-99,S,-99,,3,2022-01-02 19:21:07
VD-34-0270-011-01,3002700001089E,0,1,47.0,1,L,0,,0,2022-01-02 19:21:07
VD-34-0270-011-01,3002700001089E,0,1,47.0,1,S,1,,0,2022-01-02 19:21:07
VD-34-027A-005-01,3002710000500E,0,1,46.5,26.0,L,6,,0,2022-01-02 19:21:07
VD-34-027A-005-01,3002710000500E,0,1,46.5,26.0,S,12,,0,2022-01-02 19:21:07
VD-34-0280-009-01,3002800003573E,0,1,46.0,5.2,L,2,,0,2022-01-02 19:21:07
VD-34-0280-009-01,3002800003573E,0,1,46.0,5.2,S,2,,0,2022-01-02 19:21:07
VD-34-0280-031-01,3002800003169E,0,1,-99,-99,L,-99,,3,2022-01-02 19:21:07
VD-34-0280-031-01,3002800003169E,0,1,-99,-99,S,-99,,3,2022-01-02 19:21:07
VD-34-0280-031-01,3002800003169E,1,1,-99,-99,L,-99,,3,2022-01-02 19:21:07
VD-34-0280-031-01,3002800003169E,1,1,-99,-99,S,-99,,3,2022-01-02 19:21:07
VD-34-0280-031-01,3002800103169E,0,1,-99,-99,L,-99,,3,2022-01-02 19:21:07
VD-34-0280-031-01,3002800103169E,0,1,-99,-99,S,-99,,3,2022-01-02 19:21:07
VD-34-0280-031-01,3002800103169E,1,1,-99,-99,L,-99,,3,2022-01-02 19:21:07
VD-34-0280-031-01,3002800103169E,1,1,-99,-99,S,-99,,3,2022-01-02 19:21:07
VD-34-0280-031-02,3002800003116E,0,1,55.0,4.4,L,0,,0,2022-01-02 19:21:07
VD-34-0280-031-02,3002800003116E,0,1,55.0,4.4,S,4,,0,2022-01-02 19:21:07
VD-34-0280-031-02,3002800003116E,1,1,0,0,L,0,,0,2022-01-02 19:21:07
VD-34-0280-031-02,3002800003116E,1,1,0,0,S,0,,0,2022-01-02 19:21:07
VD-34-0280-031-03,3002800003058E,0,1,0,0,L,0,,0,2022-01-02 19:21:07
VD-34-0280-031-03,3002800003058E,0,1,0,0,S,0,,0,2022-01-02 19:21:07
VD-34-0280-031-03,3002800003058E,1,1,0,0,L,0,,0,2022-01-02 19:21:07
VD-34-0280-031-03,3002800003058E,1,1,0,0,S,0,,0,2022-01-02 19:21:07
VD-34-0290-023-01,3002900002382E,0,1,59.0,2.0,L,0,,0,2022-01-02 19:21:07
VD-34-0290-023-01,3002900002382E,0,1,59.0,2.0,S,2,,0,2022-01-02 19:21:07
VD-34-0290-038-02,3002900003743E,0,1,49.0,1.0,L,0,,0,2022-01-02 19:21:07
VD-34-0290-038-02,3002900003743E,0,1,49.0,1.0,S,2,,0,2022-01-02 19:21:07
VD-34-0290-038-02,3002900003743E,1,1,24.0,2.0,L,1,,0,2022-01-02 19:21:07
VD-34-0290-038-02,3002900003743E,1,1,24.0,2.0,S,1,,0,2022-01-02 19:21:07
VD-34-0290-056-01,3002900005160E,0,1,23.0,3.0,L,0,,0,2022-01-02 19:21:07
VD-34-0290-056-01,3002900005160E,0,1,23.0,3.0,S,1,,0,2022-01-02 19:21:07
VD-34-0290-063-01,3002900005834E,0,1,0,0,L,0,,0,2022-01-02 19:21:07
VD-34-0290-063-01,3002900005834E,0,1,0,0,S,0,,0,2022-01-02 19:21:07
VD-34-0290-064-01,3002900006229E,0,1,66.0,11.8,L,0,,0,2022-01-02 19:21:07
VD-34-0290-064-01,3002900006229E,0,1,66.0,11.8,S,13,,0,2022-01-02 19:21:07
VD-34-0290-065-01,3002900006649E,0,1,0,0,L,0,,0,2022-01-02 19:21:07
VD-34-0290-065-01,3002900006649E,0,1,0,0,S,0,,0,2022-01-02 19:21:07
VD-34-0290-065-01,3002900006649E,1,1,0,0,L,0,,0,2022-01-02 19:21:07
VD-34-0290-065-01,3002900006649E,1,1,0,0,S,0,,0,2022-01-02 19:21:07
VD-34-0290-067-01,3002900006649E,0,1,-99,-99,L,-99,,3,2022-01-02 19:21:07
VD-34-0290-067-01,3002900006649E,0,1,-99,-99,S,-99,,3,2022-01-02 19:21:07
VD-34-0290-067-01,3002900006649E,1,1,-99,-99,L,-99,,3,2022-01-02 19:21:07
VD-34-0290-067-01,3002900006649E,1,1,-99,-99,S,-99,,3,2022-01-02 19:21:07
VD-34-0290-067-01,3002900106649E,0,1,-99,-99,L,-99,,3,2022-01-02 19:21:07
VD-34-0290-067-01,3002900106649E,0,1,-99,-99,S,-99,,3,2022-01-02 19:21:07
VD-34-0290-067-01,3002900106649E,1,1,-99,-99,L,-99,,3,2022-01-02 19:21:07
VD-34-0290-067-01,3002900106649E,1,1,-99,-99,S,-99,,3,2022-01-02 19:21:07
VD-34-0290-068-01,3002900006779E,0,1,48.0,3.8,L,0,,0,2022-01-02 19:21:07
VD-34-0290-068-01,3002900006779E,0,1,48.0,3.8,S,3,,0,2022-01-02 19:21:07
VD-34-0290-068-01,3002900006779E,1,1,60.0,3.0,L,0,,0,2022-01-02 19:21:07
VD-34-0290-068-01,3002900006779E,1,1,60.0,3.0,S,3,,0,2022-01-02 19:21:07
VD-34-0290-092-01,3002900009079E,0,1,0,0,L,0,,0,2022-01-02 19:21:07
VD-34-0290-092-01,3002900009079E,0,1,0,0,S,0,,0,2022-01-02 19:21:07
VD-34-0290-092-01,3002900009079E,1,1,0,0,L,0,,0,2022-01-02 19:21:07
VD-34-0290-092-01,3002900009079E,1,1,0,0,S,0,,0,2022-01-02 19:21:07
VD-35-0010-437-01,3000100043650T,0,1,0,0,L,0,,0,2022-01-02 19:21:07
VD-35-0010-437-01,3000100043650T,0,1,0,0,S,0,,0,2022-01-02 19:21:07
VD-35-0010-437-01,3000100043650T,1,1,36.0,18.3,L,2,,0,2022-01-02 19:21:07
VD-35-0010-437-01,3000100043650T,1,1,36.0,18.3,S,9,,0,2022-01-02 19:21:07
VD-35-0010-437-02,3000100043714T,0,1,0,0,L,0,,0,2022-01-02 19:21:07
VD-35-0010-437-02,3000100043714T,0,1,0,0,S,0,,0,2022-01-02 19:21:07
VD-35-0010-437-02,3000100043714T,1,1,0,0,L,0,,0,2022-01-02 19:21:07
VD-35-0010-437-02,3000100043714T,1,1,0,0,S,0,,0,2022-01-02 19:21:07
VD-35-0010-439-01,3000100043916T,0,1,38.0,23.7,L,0,,0,2022-01-02 19:21:07
VD-35-0010-439-01,3000100043916T,0,1,38.0,23.7,S,15,,0,2022-01-02 19:21:07
VD-35-0010-439-01,3000100043916T,1,1,64.0,4.0,L,0,,0,2022-01-02 19:21:07
VD-35-0010-439-01,3000100043916T,1,1,64.0,4.0,S,13,,0,2022-01-02 19:21:07
VD-35-0010-444-01,3000100044211T,0,1,0,0,L,0,,0,2022-01-02 19:21:07
VD-35-0010-444-01,3000100044211T,0,1,0,0,S,0,,0,2022-01-02 19:21:07
VD-35-0010-444-01,3000100044211T,1,1,0,0,L,0,,0,2022-01-02 19:21:07
VD-35-0010-444-01,3000100044211T,1,1,0,0,S,0,,0,2022-01-02 19:21:07
VD-35-0010-447-01,3000100044681T,0,1,41.0,35.1,L,0,,0,2022-01-02 19:21:07
VD-35-0010-447-01,3000100044681T,0,1,41.0,35.1,S,24,,0,2022-01-02 19:21:07
VD-35-0010-447-01,3000100044681T,1,1,53.0,21.5,L,0,,0,2022-01-02 19:21:07
VD-35-0010-447-01,3000100044681T,1,1,53.0,21.5,S,19,,0,2022-01-02 19:21:07
VD-35-0010-453-01,3000100045280T,0,1,62.0,2.0,L,1,,0,2022-01-02 19:21:07
VD-35-0010-453-01,3000100045280T,0,1,62.0,2.0,S,1,,0,2022-01-02 19:21:07
VD-35-0010-453-01,3000100045280T,1,1,47.0,1.3,L,0,,0,2022-01-02 19:21:07
VD-35-0010-453-01,3000100045280T,1,1,47.0,1.3,S,1,,0,2022-01-02 19:21:07
VD-35-0010-456-01,3000100045650T,0,1,74.0,3.2,L,0,,0,2022-01-02 19:21:07
VD-35-0010-456-01,3000100045650T,0,1,74.0,3.2,S,4,,0,2022-01-02 19:21:07
VD-35-0010-456-01,3000100045650T,1,1,49.0,2.4,L,1,,0,2022-01-02 19:21:07
VD-35-0010-456-01,3000100045650T,1,1,49.0,2.4,S,1,,0,2022-01-02 19:21:07
VD-35-0010-460-01,3000900043817T,0,1,57.0,1.0,L,1,,0,2022-01-02 19:21:07
VD-35-0010-460-01,3000900043817T,0,1,57.0,1.0,S,3,,0,2022-01-02 19:21:07
VD-35-0010-460-01,3000900043817T,1,1,54.0,1,L,0,,0,2022-01-02 19:21:07
VD-35-0010-460-01,3000900043817T,1,1,54.0,1,S,1,,0,2022-01-02 19:21:07
VD-35-0010-460-01,3000900043817T,2,1,0,0,L,0,,0,2022-01-02 19:21:07
VD-35-0010-460-01,3000900043817T,2,1,0,0,S,0,,0,2022-01-02 19:21:07
VD-35-0010-462-01,3000900043884T,0,1,17.5,55.0,L,4,,0,2022-01-02 19:21:07
VD-35-0010-462-01,3000900043884T,0,1,17.5,55.0,S,8,,0,2022-01-02 19:21:07
VD-35-0010-462-01,3000900043884T,1,1,44.0,17.7,L,0,,0,2022-01-02 19:21:07
VD-35-0010-462-01,3000900043884T,1,1,44.0,17.7,S,13,,0,2022-01-02 19:21:07
VD-35-0010-468-01,3000900044507T,0,1,0,0,L,0,,0,2022-01-02 19:21:07
VD-35-0010-468-01,3000900044507T,0,1,0,0,S,0,,0,2022-01-02 19:21:07
VD-35-0090-437-03,3000900143759T,0,1,51.0,7.1,L,0,,0,2022-01-02 19:21:07
VD-35-0090-437-03,3000900143759T,0,1,51.0,7.1,S,6,,0,2022-01-02 19:21:07
VD-35-0090-437-03,3000900143759T,1,1,56.0,15.0,L,0,,0,2022-01-02 19:21:07
VD-35-0090-437-03,3000900143759T,1,1,56.0,15.0,S,14,,0,2022-01-02 19:21:07
VD-35-0090-437-13,3000900043544T,0,1,45.0,1.0,L,1,,0,2022-01-02 19:21:07
VD-35-0090-437-13,3000900043544T,0,1,45.0,1.0,S,1,,0,2022-01-02 19:21:07
VD-35-0090-437-13,3000900043544T,1,1,37.0,81.1,L,2,,0,2022-01-02 19:21:07
VD-35-0090-437-13,3000900043544T,1,1,37.0,81.1,S,48,,0,2022-01-02 19:21:07
VD-35-0090-452-001,3000900045226T,0,1,23.5,14.0,L,3,,0,2022-01-02 19:21:07
VD-35-0090-452-001,3000900045226T,0,1,23.5,14.0,S,4,,0,2022-01-02 19:21:07
VD-35-0090-452-001,3000900045226T,1,1,24.5,20.0,L,2,,0,2022-01-02 19:21:07
VD-35-0090-452-001,3000900045226T,1,1,24.5,20.0,S,5,,0,2022-01-02 19:21:07
VD-35-0090-460-01,3000900043817T,0,1,54.5,16.5,L,3,,0,2022-01-02 19:21:07
VD-35-0090-460-01,3000900043817T,0,1,54.5,16.5,S,12,,0,2022-01-02 19:21:07
VD-35-0090-471-01,3000900044876T,0,1,32.0,13.0,L,0,,0,2022-01-02 19:21:07
VD-35-0090-471-01,3000900044876T,0,1,32.0,13.0,S,6,,0,2022-01-02 19:21:07
VD-35-009E-15-11,3000950001532T,0,1,57.0,1.0,L,0,,0,2022-01-02 19:21:07
VD-35-009E-15-11,3000950001532T,0,1,57.0,1.0,S,1,,0,2022-01-02 19:21:07
VD-35-0260-000-01,3002600000312T,0,1,66.5,1.0,L,1,,0,2022-01-02 19:21:07
VD-35-0260-000-01,3002600000312T,0,1,66.5,1.0,S,1,,0,2022-01-02 19:21:07
VD-35-0260-000-01,3002600000312T,1,1,65.0,2.0,L,0,,0,2022-01-02 19:21:07
VD-35-0260-000-01,3002600000312T,1,1,65.0,2.0,S,4,,0,2022-01-02 19:21:07
VD-35-0260-003-01,3002600000412T,0,1,29.0,2.1,L,0,,0,2022-01-02 19:21:07
VD-35-0260-003-01,3002600000412T,0,1,29.0,2.1,S,1,,0,2022-01-02 19:21:07
VD-35-0260-003-01,3002600000412T,1,1,0,0,L,0,,0,2022-01-02 19:21:07
VD-35-0260-003-01,3002600000412T,1,1,0,0,S,0,,0,2022-01-02 19:21:07
VD-35-0260-017-01,3002600001790T,0,1,0,0,L,0,,0,2022-01-02 19:21:07
VD-35-0260-017-01,3002600001790T,0,1,0,0,S,0,,0,2022-01-02 19:21:07
VD-35-0260-017-01,3002600001790T,1,1,83.0,1.0,L,1,,0,2022-01-02 19:21:07
VD-35-0260-017-01,3002600001790T,1,1,83.0,1.0,S,3,,0,2022-01-02 19:21:07
VD-35-0260-021-01,3002600002292T,0,1,36.0,1,L,1,,0,2022-01-02 19:21:07
VD-35-0260-021-01,3002600002292T,0,1,36.0,1,S,0,,0,2022-01-02 19:21:07
VD-35-0260-021-01,3002600002292T,1,1,38.0,4.7,L,0,,0,2022-01-02 19:21:07
VD-35-0260-021-01,3002600002292T,1,1,38.0,4.7,S,3,,0,2022-01-02 19:21:07
VD-35-0260-021-02,3002600002377T,0,1,0,0,L,0,,0,2022-01-02 19:21:07
VD-35-0260-021-02,3002600002377T,0,1,0,0,S,0,,0,2022-01-02 19:21:07
VD-35-0260-021-02,3002600002377T,1,1,62.0,3.9,L,0,,0,2022-01-02 19:21:07
VD-35-0260-021-02,3002600002377T,1,1,62.0,3.9,S,4,,0,2022-01-02 19:21:07
VD-35-0260-023-01,3002600002473T,0,1,54.0,7.0,L,0,,0,2022-01-02 19:21:07
VD-35-0260-023-01,3002600002473T,0,1,54.0,7.0,S,10,,0,2022-01-02 19:21:07
VD-35-0260-023-01,3002600002473T,1,1,44.0,5.0,L,0,,0,2022-01-02 19:21:07
VD-35-0260-023-01,3002600002473T,1,1,44.0,5.0,S,6,,0,2022-01-02 19:21:07
VD-35-0260-028-01,3002600003033T,0,1,29.0,4.1,L,1,,0,2022-01-02 19:21:07
VD-35-0260-028-01,3002600003033T,0,1,29.0,4.1,S,1,,0,2022-01-02 19:21:07
VD-35-0260-028-01,3002600003033T,1,1,27.0,2.2,L,1,,0,2022-01-02 19:21:07
VD-35-0260-028-01,3002600003033T,1,1,27.0,2.2,S,0,,0,2022-01-02 19:21:07
VD-35-0260-031-01,3002600003167T,0,1,0,0,L,0,,0,2022-01-02 19:21:07
VD-35-0260-031-01,3002600003167T,0,1,0,0,S,0,,0,2022-01-02 19:21:07
VD-35-0260-031-01,3002600003167T,1,1,43.0,1.0,L,0,,0,2022-01-02 19:21:07
VD-35-0260-031-01,3002600003167T,1,1,43.0,1.0,S,1,,0,2022-01-02 19:21:07
VD-35-0260-033-01,3002600003754T,0,1,0,0,L,0,,0,2022-01-02 19:21:07
VD-35-0260-033-01,3002600003754T,0,1,0,0,S,0,,0,2022-01-02 19:21:07
VD-35-0260-033-01,3002600003754T,1,1,0,0,L,0,,0,2022-01-02 19:21:07
VD-35-0260-033-01,3002600003754T,1,1,0,0,S,0,,0,2022-01-02 19:21:07
VD-35-0260-038-01,3002600003984T,0,1,0,0,L,0,,0,2022-01-02 19:21:07
VD-35-0260-038-01,3002600003984T,0,1,0,0,S,0,,0,2022-01-02 19:21:07
VD-35-0260-038-01,3002600003984T,1,1,0,0,L,0,,0,2022-01-02 19:21:07
VD-35-0260-038-01,3002600003984T,1,1,0,0,S,0,,0,2022-01-02 19:21:07
VD-35-0260-042-02,3002600004327T,0,1,60.0,2.0,L,0,,0,2022-01-02 19:21:07
VD-35-0260-042-02,3002600004327T,0,1,60.0,2.0,S,2,,0,2022-01-02 19:21:07
VD-35-0260-042-02,3002600004327T,1,1,0,0,L,0,,0,2022-01-02 19:21:07
VD-35-0260-042-02,3002600004327T,1,1,0,0,S,0,,0,2022-01-02 19:21:07
VD-36-0090-328-01,3000900031303V,0,1,0,0,L,0,,0,2022-01-02 19:21:07
VD-36-0090-328-01,3000900031303V,0,1,0,0,S,0,,0,2022-01-02 19:21:07
VD-36-0090-344-01,3000900032801V,0,1,46.5,29.7,L,1,,0,2022-01-02 19:21:07
VD-36-0090-344-01,3000900032801V,0,1,46.5,29.7,S,22,,0,2022-01-02 19:21:07
VD-36-0090-347-01,3000900032981V,0,1,0,0,L,0,,0,2022-01-02 19:21:07
VD-36-0090-347-01,3000900032981V,0,1,0,0,S,0,,0,2022-01-02 19:21:07
VD-36-0090-356-01,3000900034062V,0,1,49.0,2.0,L,0,,0,2022-01-02 19:21:07
VD-36-0090-356-01,3000900034062V,0,1,49.0,2.0,S,5,,0,2022-01-02 19:21:07
VD-36-0090-391-01,3000900039161V,0,1,45.0,1,L,1,,0,2022-01-02 19:21:07
VD-36-0090-391-01,3000900039161V,0,1,45.0,1,S,1,,0,2022-01-02 19:21:07
VD-36-0090-391-01,3000900039161V,1,1,67.0,1,L,0,,0,2022-01-02 19:21:07
VD-36-0090-391-01,3000900039161V,1,1,67.0,1,S,3,,0,2022-01-02 19:21:07
VD-36-0200-153-01,3002000015251V,0,1,0,0,L,0,,0,2022-01-02 19:21:07
VD-36-0200-153-01,3002000015251V,0,1,0,0,S,0,,0,2022-01-02 19:21:07
VD-36-0200-202-01,3002000020211V,0,1,51.0,1,L,0,,0,2022-01-02 19:21:07
VD-36-0200-202-01,3002000020211V,0,1,51.0,1,S,2,,0,2022-01-02 19:21:07
VD-36-020A-005-01,3002010000506V,0,1,-99,-99,L,-99,,3,2022-01-02 19:21:07
VD-36-020A-005-01,3002010000506V,0,1,-99,-99,S,-99,,3,2022-01-02 19:21:07
VD-36-020A-005-01,3002010000506V,1,1,-99,-99,L,-99,,3,2022-01-02 19:21:07
VD-36-020A-005-01,3002010000506V,1,1,-99,-99,S,-99,,3,2022-01-02 19:21:07
VD-36-020A-005-01,3002010100506V,0,1,-99,-99,L,-99,,3,2022-01-02 19:21:07
VD-36-020A-005-01,3002010100506V,0,1,-99,-99,S,-99,,3,2022-01-02 19:21:07
VD-36-020A-005-01,3002010100506V,1,1,-99,-99,L,-99,,3,2022-01-02 19:21:07
VD-36-020A-005-01,3002010100506V,1,1,-99,-99,S,-99,,3,2022-01-02 19:21:07
VD-37-0090-0413-01,3000900039761V,0,1,44.0,12.3,L,0,,0,2022-01-02 19:21:07
VD-37-0090-0413-01,3000900039761V,0,1,44.0,12.3,S,9,,0,2022-01-02 19:21:07
VD-37-0090-0413-01,3000900139761V,0,1,0,0,L,0,,0,2022-01-02 19:21:07
VD-37-0090-0413-01,3000900139761V,0,1,0,0,S,0,,0,2022-01-02 19:21:07
VD-37-0090-0415-01,3000900039864V,0,1,1.0,60.0,L,0,,0,2022-01-02 19:21:07
VD-37-0090-0415-01,3000900039864V,0,1,1.0,60.0,S,1,,0,2022-01-02 19:21:07
VD-37-0090-0415-01,3000900039864V,1,1,0,0,L,0,,0,2022-01-02 19:21:07
VD-37-0090-0415-01,3000900039864V,1,1,0,0,S,0,,0,2022-01-02 19:21:07
VD-37-0090-426-11,3000900042620V,0,1,50.0,32.4,L,0,,0,2022-01-02 19:21:07
VD-37-0090-426-11,3000900042620V,0,1,50.0,32.4,S,27,,0,2022-01-02 19:21:07
VD-37-0090-427-01,3000900042672V,0,1,66.0,10.9,L,0,,0,2022-01-02 19:21:07
VD-37-0090-427-01,3000900042672V,0,1,66.0,10.9,S,12,,0,2022-01-02 19:21:07
VD-37-0090-428-01,3000900142747V,0,1,81.0,5.9,L,0,,0,2022-01-02 19:21:07
VD-37-0090-428-01,3000900142747V,0,1,81.0,5.9,S,8,,0,2022-01-02 19:21:07
VD-37-0090-428-11,3000900142747V,0,1,46.5,24.5,L,1,,0,2022-01-02 19:21:07
VD-37-0090-428-11,3000900142747V,0,1,46.5,24.5,S,18,,0,2022-01-02 19:21:07
VD-37-0090-429-01,3000900043005V,0,1,82.0,1.0,L,0,,0,2022-01-02 19:21:07
VD-37-0090-429-01,3000900043005V,0,1,82.0,1.0,S,3,,0,2022-01-02 19:21:07
VD-37-0090-429-11,3000900042905V,0,1,78.0,20.8,L,3,,0,2022-01-02 19:21:07
VD-37-0090-429-11,3000900042905V,0,1,78.0,20.8,S,24,,0,2022-01-02 19:21:07
VD-37-0090-431-01,3000900043005V,0,1,76.5,2.0,L,2,,0,2022-01-02 19:21:07
VD-37-0090-431-01,3000900043005V,0,1,76.5,2.0,S,9,,0,2022-01-02 19:21:07
VD-37-0090-431-11,3000900043005V,0,1,71.5,13.4,L,2,,0,2022-01-02 19:21:07
VD-37-0090-431-11,3000900043005V,0,1,71.5,13.4,S,14,,0,2022-01-02 19:21:07
VD-37-0090-432-01,3000900143105V,0,1,60.0,5.0,L,0,,0,2022-01-02 19:21:07
VD-37-0090-432-01,3000900143105V,0,1,60.0,5.0,S,5,,0,2022-01-02 19:21:07
VD-37-0090-432-01,3000900143105V,1,1,60.0,2.0,L,0,,0,2022-01-02 19:21:07
VD-37-0090-432-01,3000900143105V,1,1,60.0,2.0,S,9,,0,2022-01-02 19:21:07
VD-37-0090-432-11,3000900043105V,0,1,0,0,L,0,,0,2022-01-02 19:21:07
VD-37-0090-432-11,3000900043105V,0,1,0,0,S,0,,0,2022-01-02 19:21:07
VD-37-0090-432-11,3000900043105V,1,1,0,0,L,0,,0,2022-01-02 19:21:07
VD-37-0090-432-11,3000900043105V,1,1,0,0,S,0,,0,2022-01-02 19:21:07
VD-37-0090-433-01,3000900143288V,0,1,58.0,3.0,L,0,,0,2022-01-02 19:21:07
VD-37-0090-433-01,3000900143288V,0,1,58.0,3.0,S,9,,0,2022-01-02 19:21:07
VD-37-0090-433-01,3000900143288V,1,1,70.0,2.0,L,0,,0,2022-01-02 19:21:07
VD-37-0090-433-01,3000900143288V,1,1,70.0,2.0,S,4,,0,2022-01-02 19:21:07
VD-37-0090-433-11,3000900043288V,0,1,53.0,1.0,L,2,,0,2022-01-02 19:21:07
VD-37-0090-433-11,3000900043288V,0,1,53.0,1.0,S,0,,0,2022-01-02 19:21:07
VD-37-0090-433-11,3000900043288V,1,1,14.5,99.0,L,1,,0,2022-01-02 19:21:07
VD-37-0090-433-11,3000900043288V,1,1,14.5,99.0,S,29,,0,2022-01-02 19:21:07
VD-37-0090-434-01,3000900143444T,0,1,70.0,1.0,L,0,,0,2022-01-02 19:21:07
VD-37-0090-434-01,3000900143444T,0,1,70.0,1.0,S,3,,0,2022-01-02 19:21:07
VD-37-0090-434-01,3000900143444T,1,1,70.0,6.0,L,0,,0,2022-01-02 19:21:07
VD-37-0090-434-01,3000900143444T,1,1,70.0,6.0,S,13,,0,2022-01-02 19:21:07
VD-37-0090-434-11,3000900043444T,0,1,0,0,L,0,,0,2022-01-02 19:21:07
VD-37-0090-434-11,3000900043444T,0,1,0,0,S,0,,0,2022-01-02 19:21:07
VD-37-0090-434-11,3000900043444T,1,1,11.0,87.0,L,0,,0,2022-01-02 19:21:07
VD-37-0090-434-11,3000900043444T,1,1,11.0,87.0,S,32,,0,2022-01-02 19:21:07
VD-37-0090-435-02,3000900143544T,0,1,55.0,15.3,L,0,,0,2022-01-02 19:21:07
VD-37-0090-435-02,3000900143544T,0,1,55.0,15.3,S,14,,0,2022-01-02 19:21:07
VD-37-0090-435-02,3000900143544T,1,1,61.0,2.0,L,0,,0,2022-01-02 19:21:07
VD-37-0090-435-02,3000900143544T,1,1,61.0,2.0,S,6,,0,2022-01-02 19:21:07
VD-37-0090-435-12,3000900043544T,0,1,0,0,L,0,,0,2022-01-02 19:21:07
VD-37-0090-435-12,3000900043544T,0,1,0,0,S,0,,0,2022-01-02 19:21:07
VD-37-0090-435-12,3000900043544T,1,1,11.0,84.0,L,3,,0,2022-01-02 19:21:07
VD-37-0090-435-12,3000900043544T,1,1,11.0,84.0,S,44,,0,2022-01-02 19:21:07
VD-37-0090-437-01,3000900143544T,0,1,70.0,1.0,L,0,,0,2022-01-02 19:21:07
VD-37-0090-437-01,3000900143544T,0,1,70.0,1.0,S,4,,0,2022-01-02 19:21:07
VD-37-0090-437-01,3000900143544T,1,1,67.0,2.0,L,0,,0,2022-01-02 19:21:07
VD-37-0090-437-01,3000900143544T,1,1,67.0,2.0,S,10,,0,2022-01-02 19:21:07
VD-37-0090-437-11,3000900043544T,0,1,60.0,22.0,L,4,,0,2022-01-02 19:21:07
VD-37-0090-437-11,3000900043544T,0,1,60.0,22.0,S,46,,0,2022-01-02 19:21:07
VD-37-0090-437-11,3000900043544T,1,1,0,0,L,0,,0,2022-01-02 19:21:07
VD-37-0090-437-11,3000900043544T,1,1,0,0,S,0,,0,2022-01-02 19:21:07
VD-37-009E-0-01,3000950000013V,0,1,0,0,L,0,,0,2022-01-02 19:21:07
VD-37-009E-0-01,3000950000013V,0,1,0,0,S,0,,0,2022-01-02 19:21:07
VD-51-0010-228-01,3000100022806P,0,1,0,0,L,0,,0,2022-01-02 19:21:07
VD-51-0010-228-01,3000100022806P,0,1,0,0,S,0,,0,2022-01-02 19:21:07
VD-51-0010-228-01,3000100022806P,1,1,36.0,1.0,L,0,,0,2022-01-02 19:21:07
VD-51-0010-228-01,3000100022806P,1,1,36.0,1.0,S,1,,0,2022-01-02 19:21:07
VD-51-0010-230-01,3000100023020P,0,1,0,0,L,0,,0,2022-01-02 19:21:07
VD-51-0010-230-01,3000100023020P,0,1,0,0,S,0,,0,2022-01-02 19:21:07
VD-51-0010-230-01,3000100023020P,1,1,0,0,L,0,,0,2022-01-02 19:21:07
VD-51-0010-230-01,3000100023020P,1,1,0,0,S,0,,0,2022-01-02 19:21:07
VD-51-0010-236-01,3000100023509P,0,1,48.0,1,L,0,,0,2022-01-02 19:21:07
VD-51-0010-236-01,3000100023509P,0,1,48.0,1,S,1,,0,2022-01-02 19:21:07
VD-51-0010-236-01,3000100023509P,1,1,57.0,5.3,L,0,,0,2022-01-02 19:21:07
VD-51-0010-236-01,3000100023509P,1,1,57.0,5.3,S,5,,0,2022-01-02 19:21:07
VD-51-0010-241-01,3000100024140P,0,1,43.0,3.0,L,2,,0,2022-01-02 19:21:07
VD-51-0010-241-01,3000100024140P,0,1,43.0,3.0,S,2,,0,2022-01-02 19:21:07
VD-51-0010-241-01,3000100024140P,1,1,37.0,4.0,L,1,,0,2022-01-02 19:21:07
VD-51-0010-241-01,3000100024140P,1,1,37.0,4.0,S,3,,0,2022-01-02 19:21:07
VD-51-0010-241-01,3000100024140P,2,1,0,0,L,0,,0,2022-01-02 19:21:07
VD-51-0010-241-01,3000100024140P,2,1,0,0,S,0,,0,2022-01-02 19:21:07
VD-51-0010-242-01,3000100024257P,0,1,-99,-99,L,-99,,3,2022-01-02 19:21:07
VD-51-0010-242-01,3000100024257P,0,1,-99,-99,S,-99,,3,2022-01-02 19:21:07
VD-51-0010-242-01,3000100024257P,1,1,-99,-99,L,-99,,3,2022-01-02 19:21:07
VD-51-0010-242-01,3000100024257P,1,1,-99,-99,S,-99,,3,2022-01-02 19:21:07
VD-51-0010-242-01,3000100124257P,0,1,-99,-99,L,-99,,3,2022-01-02 19:21:07
VD-51-0010-242-01,3000100124257P,0,1,-99,-99,S,-99,,3,2022-01-02 19:21:07
VD-51-0010-242-01,3000100124257P,1,1,-99,-99,L,-99,,3,2022-01-02 19:21:07
VD-51-0010-242-01,3000100124257P,1,1,-99,-99,S,-99,,3,2022-01-02 19:21:07
VD-51-0010-244-01,3000100024416P,0,1,67.0,1,L,0,,0,2022-01-02 19:21:07
VD-51-0010-244-01,3000100024416P,0,1,67.0,1,S,3,,0,2022-01-02 19:21:07
VD-51-0010-244-01,3000100024416P,1,1,64.0,5.6,L,1,,0,2022-01-02 19:21:07
VD-51-0010-244-01,3000100024416P,1,1,64.0,5.6,S,5,,0,2022-01-02 19:21:07
VD-51-0010-245-01,3000100024562P,0,1,69.0,2.0,L,0,,0,2022-01-02 19:21:07
VD-51-0010-245-01,3000100024562P,0,1,69.0,2.0,S,3,,0,2022-01-02 19:21:07
VD-51-0010-245-01,3000100024562P,1,1,62.0,2.0,L,0,,0,2022-01-02 19:21:07
VD-51-0010-245-01,3000100024562P,1,1,62.0,2.0,S,7,,0,2022-01-02 19:21:07
VD-51-0010-248-01,3000100024801P,0,1,0,0,L,0,,0,2022-01-02 19:21:07
VD-51-0010-248-01,3000100024801P,0,1,0,0,S,0,,0,2022-01-02 19:21:07
VD-51-0010-248-01,3000100024801P,1,1,54.0,1.1,L,1,,0,2022-01-02 19:21:07
VD-51-0010-248-01,3000100024801P,1,1,54.0,1.1,S,0,,0,2022-01-02 19:21:07
VD-51-001D-004-01,3000140000371P,0,1,-99,-99,L,-99,,3,2022-01-02 19:21:07
VD-51-001D-004-01,3000140000371P,0,1,-99,-99,S,-99,,3,2022-01-02 19:21:07
VD-51-001D-004-01,3000140000371P,1,1,-99,-99,L,-99,,3,2022-01-02 19:21:07
VD-51-001D-004-01,3000140000371P,1,1,-99,-99,S,-99,,3,2022-01-02 19:21:07
VD-51-001D-004-01,3000140100371P,0,1,-99,-99,L,-99,,3,2022-01-02 19:21:07
VD-51-001D-004-01,3000140100371P,0,1,-99,-99,S,-99,,3,2022-01-02 19:21:07
VD-51-001D-004-01,3000140100371P,1,1,-99,-99,L,-99,,3,2022-01-02 19:21:07
VD-51-001D-004-01,3000140100371P,1,1,-99,-99,S,-99,,3,2022-01-02 19:21:07
VD-51-001D-011-01,3000140001089P,0,1,64.0,1,L,0,,0,2022-01-02 19:21:07
VD-51-001D-011-01,3000140001089P,0,1,64.0,1,S,4,,0,2022-01-02 19:21:07
VD-51-001D-011-01,3000140001089P,1,1,56.0,5.4,L,0,,0,2022-01-02 19:21:07
VD-51-001D-011-01,3000140001089P,1,1,56.0,5.4,S,5,,0,2022-01-02 19:21:07
VD-51-0030-237-01,3000300023711P,0,1,0,0,L,0,,0,2022-01-02 19:21:07
VD-51-0030-237-01,3000300023711P,0,1,0,0,S,0,,0,2022-01-02 19:21:07
VD-51-0030-237-01,3000300023711P,1,1,59.0,1.0,L,0,,0,2022-01-02 19:21:07
VD-51-0030-237-01,3000300023711P,1,1,59.0,1.0,S,3,,0,2022-01-02 19:21:07
VD-51-0030-239-01,3000300023956P,0,1,53.0,1.0,L,0,,0,2022-01-02 19:21:07
VD-51-0030-239-01,3000300023956P,0,1,53.0,1.0,S,3,,0,2022-01-02 19:21:07
VD-51-0030-239-01,3000300023956P,1,1,46.0,2.0,L,0,,0,2022-01-02 19:21:07
VD-51-0030-239-01,3000300023956P,1,1,46.0,2.0,S,3,,0,2022-01-02 19:21:07
VD-51-0030-242-01,3000300024208P,0,1,0,0,L,0,,0,2022-01-02 19:21:07
VD-51-0030-242-01,3000300024208P,0,1,0,0,S,0,,0,2022-01-02 19:21:07
VD-51-0030-242-01,3000300024208P,1,1,0,0,L,0,,0,2022-01-02 19:21:07
VD-51-0030-242-01,3000300024208P,1,1,0,0,S,0,,0,2022-01-02 19:21:07
VD-51-0030-245-003,3000300024545P,0,1,59.0,3.0,L,1,,0,2022-01-02 19:21:07
VD-51-0030-245-003,3000300024545P,0,1,59.0,3.0,S,4,,0,2022-01-02 19:21:07
VD-51-0030-245-003,3000300024545P,1,1,49.0,2.0,L,0,,0,2022-01-02 19:21:07
VD-51-0030-245-003,3000300024545P,1,1,49.0,2.0,S,4,,0,2022-01-02 19:21:07
VD-51-0030-245-01,3000300124545P,0,1,31.0,1.0,L,0,,0,2022-01-02 19:21:07
VD-51-0030-245-01,3000300124545P,0,1,31.0,1.0,S,1,,0,2022-01-02 19:21:07
VD-51-0030-245-01,3000300124545P,1,1,40.0,3.0,L,1,,0,2022-01-02 19:21:07
VD-51-0030-245-01,3000300124545P,1,1,40.0,3.0,S,3,,0,2022-01-02 19:21:07
VD-51-0030-247-01,3000300124762P,0,1,35.0,1.0,L,0,,0,2022-01-02 19:21:07
VD-51-0030-247-01,3000300124762P,0,1,35.0,1.0,S,1,,0,2022-01-02 19:21:07
VD-51-0030-247-01,3000300124762P,1,1,37.0,9.7,L,0,,0,2022-01-02 19:21:07
VD-51-0030-247-01,3000300124762P,1,1,37.0,9.7,S,6,,0,2022-01-02 19:21:07
VD-51-0030-256-01,3000300025615P,0,1,-99,-99,L,-99,,3,2022-01-02 19:21:07
VD-51-0030-256-01,3000300025615P,0,1,-99,-99,S,-99,,3,2022-01-02 19:21:07
VD-51-0030-256-01,3000300025615P,1,1,-99,-99,L,-99,,3,2022-01-02 19:21:07
VD-51-0030-256-01,3000300025615P,1,1,-99,-99,S,-99,,3,2022-01-02 19:21:07
VD-51-0030-256-01,3000300125615P,0,1,-99,-99,L,-99,,3,2022-01-02 19:21:07
VD-51-0030-256-01,3000300125615P,0,1,-99,-99,S,-99,,3,2022-01-02 19:21:07
VD-51-0030-256-01,3000300125615P,1,1,-99,-99,L,-99,,3,2022-01-02 19:21:07
VD-51-0030-256-01,3000300125615P,1,1,-99,-99,S,-99,,3,2022-01-02 19:21:07
VD-51-0030-261-01,3000300026134P,0,1,44.0,2.0,L,0,,0,2022-01-02 19:21:07
VD-51-0030-261-01,3000300026134P,0,1,44.0,2.0,S,4,,0,2022-01-02 19:21:07
VD-51-0030-261-01,3000300026134P,1,1,42.0,2.0,L,0,,0,2022-01-02 19:21:07
VD-51-0030-261-01,3000300026134P,1,1,42.0,2.0,S,3,,0,2022-01-02 19:21:07
VD-51-0170-089-01,3001700008899P,0,1,0,0,L,0,,0,2022-01-02 19:21:07
VD-51-0170-089-01,3001700008899P,0,1,0,0,S,0,,0,2022-01-02 19:21:07
VD-51-0190-055-01,3001900005458P,0,1,67.0,1.0,L,0,,0,2022-01-02 19:21:07
VD-51-0190-055-01,3001900005458P,0,1,67.0,1.0,S,1,,0,2022-01-02 19:21:07
VD-51-0190-056-01,3001900005600P,0,1,62.0,1.0,L,0,,0,2022-01-02 19:21:07
VD-51-0190-056-01,3001900005600P,0,1,62.0,1.0,S,2,,0,2022-01-02 19:21:07
VD-51-0610-232-02,1006100023100P,0,1,89.0,1.0,L,0,,0,2022-01-02 19:21:07
VD-51-0610-232-02,1006100023100P,0,1,89.0,1.0,S,4,,0,2022-01-02 19:21:07
VD-51-0610-233-01,1006100123140P,0,1,0,0,L,0,,0,2022-01-02 19:21:07
VD-51-0610-233-01,1006100123140P,0,1,0,0,S,0,,0,2022-01-02 19:21:07
VD-51-0610-233-02,1006100123240P,0,1,0,0,L,0,,0,2022-01-02 19:21:07
VD-51-0610-233-02,1006100123240P,0,1,0,0,S,0,,0,2022-01-02 19:21:07
VD-51-0610-233-02,1006100123240P,1,1,0,0,L,0,,0,2022-01-02 19:21:07
VD-51-0610-233-02,1006100123240P,1,1,0,0,S,0,,0,2022-01-02 19:21:07
VD-51-0610-233-03,1006100023140P,0,1,75.0,1.0,L,0,,0,2022-01-02 19:21:07
VD-51-0610-233-03,1006100023140P,0,1,75.0,1.0,S,2,,0,2022-01-02 19:21:07
VD-51-0610-234-01,1006100023200P,0,1,75.0,1.0,L,0,,0,2022-01-02 19:21:07
VD-51-0610-234-01,1006100023200P,0,1,75.0,1.0,S,1,,0,2022-01-02 19:21:07
VD-51-0610-234-01,1006100023200P,1,1,101.0,1.0,L,0,,0,2022-01-02 19:21:07
VD-51-0610-234-01,1006100023200P,1,1,101.0,1.0,S,3,,0,2022-01-02 19:21:07
VD-51-T61-218-01,1006100121700P,0,1,98.0,2.4,L,0,,0,2022-01-02 19:21:07
VD-51-T61-218-01,1006100121700P,0,1,98.0,2.4,S,4,,0,2022-01-02 19:21:07
VD-51-T61-218-01,1006100121700P,1,1,102.0,4.1,L,0,,0,2022-01-02 19:21:07
VD-51-T61-218-01,1006100121700P,1,1,102.0,4.1,S,7,,0,2022-01-02 19:21:07
VD-51-T61-227-01,1006100022510P,0,1,75.0,1.0,L,0,,0,2022-01-02 19:21:07
VD-51-T61-227-01,1006100022510P,0,1,75.0,1.0,S,1,,0,2022-01-02 19:21:07
VD-51-T61-227-01,1006100022510P,1,1,78.0,1.0,L,0,,0,2022-01-02 19:21:07
VD-51-T61-227-01,1006100022510P,1,1,78.0,1.0,S,3,,0,2022-01-02 19:21:07
VD-51-T61-232-01,1006100023000P,0,1,115.0,1,L,0,,0,2022-01-02 19:21:07
VD-51-T61-232-01,1006100023000P,0,1,115.0,1,S,2,,0,2022-01-02 19:21:07
VD-51-T61-232-01,1006100023000P,1,1,97.0,1,L,0,,0,2022-01-02 19:21:07
VD-51-T61-232-01,1006100023000P,1,1,97.0,1,S,2,,0,2022-01-02 19:21:07
VD-52-0010-252-01,3000100025242Q,0,1,0,0,L,0,,0,2022-01-02 19:21:07
VD-52-0010-252-01,3000100025242Q,0,1,0,0,S,0,,0,2022-01-02 19:21:07
VD-52-0010-252-01,3000100025242Q,1,1,42.0,2.0,L,0,,0,2022-01-02 19:21:07
VD-52-0010-252-01,3000100025242Q,1,1,42.0,2.0,S,3,,0,2022-01-02 19:21:07
VD-52-0010-262-01,3000100026207Q,0,1,37.0,1.0,L,0,,0,2022-01-02 19:21:07
VD-52-0010-262-01,3000100026207Q,0,1,37.0,1.0,S,1,,0,2022-01-02 19:21:07
VD-52-0010-262-01,3000100026207Q,1,1,34.0,1.0,L,0,,0,2022-01-02 19:21:07
VD-52-0010-262-01,3000100026207Q,1,1,34.0,1.0,S,2,,0,2022-01-02 19:21:07
VD-52-0010-274-01,3000100027311Q,0,1,45.0,2.0,L,0,,0,2022-01-02 19:21:07
VD-52-0010-274-01,3000100027311Q,0,1,45.0,2.0,S,4,,0,2022-01-02 19:21:07
VD-52-0010-274-01,3000100027311Q,1,1,51.0,3.0,L,0,,0,2022-01-02 19:21:07
VD-52-0010-274-01,3000100027311Q,1,1,51.0,3.0,S,6,,0,2022-01-02 19:21:07
VD-52-0010-274-01,3000100027311Q,2,1,48.0,1.0,L,0,,0,2022-01-02 19:21:07
VD-52-0010-274-01,3000100027311Q,2,1,48.0,1.0,S,1,,0,2022-01-02 19:21:07
VD-52-0010-276-01,3000100027605Q,0,1,68.0,2.0,L,0,,0,2022-01-02 19:21:07
VD-52-0010-276-01,3000100027605Q,0,1,68.0,2.0,S,7,,0,2022-01-02 19:21:07
VD-52-0010-276-01,3000100027605Q,1,1,38.0,13.0,L,2,,0,2022-01-02 19:21:07
VD-52-0010-276-01,3000100027605Q,1,1,38.0,13.0,S,12,,0,2022-01-02 19:21:07
VD-52-0010-277-01,3000100027786Q,0,1,-99,-99,L,-99,,3,2022-01-02 19:21:07
VD-52-0010-277-01,3000100027786Q,0,1,-99,-99,S,-99,,3,2022-01-02 19:21:07
VD-52-0010-277-01,3000100027786Q,1,1,-99,-99,L,-99,,3,2022-01-02 19:21:07
VD-52-0010-277-01,3000100027786Q,1,1,-99,-99,S,-99,,3,2022-01-02 19:21:07
VD-52-0170-117-01,3001700011749Q,0,1,0,0,L,0,,0,2022-01-02 19:21:07
VD-52-0170-117-01,3001700011749Q,0,1,0,0,S,0,,0,2022-01-02 19:21:07
VD-52-0170-129-01,3001700012894Q,0,1,47.0,1.0,L,0,,0,2022-01-02 19:21:07
VD-52-0170-129-01,3001700012894Q,0,1,47.0,1.0,S,2,,0,2022-01-02 19:21:07
VD-52-0170-129-01,3001700012894Q,1,1,0,0,L,0,,0,2022-01-02 19:21:07
VD-52-0170-129-01,3001700012894Q,1,1,0,0,S,0,,0,2022-01-02 19:21:07
VD-52-0180-003-01,3001800000208Q,0,1,0,0,L,0,,0,2022-01-02 19:21:07
VD-52-0180-003-01,3001800000208Q,0,1,0,0,S,0,,0,2022-01-02 19:21:07
VD-52-0180-003-01,3001800000208Q,1,1,0,0,L,0,,0,2022-01-02 19:21:07
VD-52-0180-003-01,3001800000208Q,1,1,0,0,S,0,,0,2022-01-02 19:21:07
VD-52-0190-070-01,3001900007019P,0,1,41.0,5.0,L,0,,0,2022-01-02 19:21:07
VD-52-0190-070-01,3001900007019P,0,1,41.0,5.0,S,8,,0,2022-01-02 19:21:07
VD-52-0190-070-01,3001900007019P,1,1,50.0,4.0,L,0,,0,2022-01-02 19:21:07
VD-52-0190-070-01,3001900007019P,1,1,50.0,4.0,S,8,,0,2022-01-02 19:21:07
VD-52-0190-070-02,3001900107029Q,0,1,46.0,5.0,L,0,,0,2022-01-02 19:21:07
VD-52-0190-070-02,3001900107029Q,0,1,46.0,5.0,S,9,,0,2022-01-02 19:21:07
VD-52-0190-070-02,3001900107029Q,1,1,58.0,3.0,L,0,,0,2022-01-02 19:21:07
VD-52-0190-070-02,3001900107029Q,1,1,58.0,3.0,S,8,,0,2022-01-02 19:21:07
VD-52-0190-082-01,3001900008302Q,0,1,73.0,1.0,L,0,,0,2022-01-02 19:21:07
VD-52-0190-082-01,3001900008302Q,0,1,73.0,1.0,S,2,,0,2022-01-02 19:21:07
VD-52-0190-082-01,3001900008302Q,1,1,52.0,3.0,L,1,,0,2022-01-02 19:21:07
VD-52-0190-082-01,3001900008302Q,1,1,52.0,3.0,S,3,,0,2022-01-02 19:21:07
VD-52-0190-71-01,3001900007078Q,0,1,0,0,L,0,,0,2022-01-02 19:21:07
VD-52-0190-71-01,3001900007078Q,0,1,0,0,S,0,,0,2022-01-02 19:21:07
VD-52-0190-71-01,3001900007078Q,1,1,0,0,L,0,,0,2022-01-02 19:21:07
VD-52-0190-71-01,3001900007078Q,1,1,0,0,S,0,,0,2022-01-02 19:21:07
VD-52-0370-001-001,3003700100000Q,0,1,66.0,1.0,L,0,,0,2022-01-02 19:21:07
VD-52-0370-001-001,3003700100000Q,0,1,66.0,1.0,S,1,,0,2022-01-02 19:21:07
VD-52-0370-001-001,3003700100000Q,1,1,0,0,L,0,,0,2022-01-02 19:21:07
VD-52-0370-001-001,3003700100000Q,1,1,0,0,S,0,,0,2022-01-02 19:21:07
VD-52-0370-014-001,3003700001305Q,0,1,0,0,L,0,,0,2022-01-02 19:21:07
VD-52-0370-014-001,3003700001305Q,0,1,0,0,S,0,,0,2022-01-02 19:21:07
VD-52-0370-014-001,3003700001305Q,1,1,65.0,2.0,L,0,,0,2022-01-02 19:21:07
VD-52-0370-014-001,3003700001305Q,1,1,65.0,2.0,S,6,,0,2022-01-02 19:21:07
VD-52-0370-014-002,3003700101305Q,0,1,-99,-99,L,-99,,3,2022-01-02 19:21:07
VD-52-0370-014-002,3003700101305Q,0,1,-99,-99,S,-99,,3,2022-01-02 19:21:07
VD-52-0370-014-002,3003700101305Q,1,1,-99,-99,L,-99,,3,2022-01-02 19:21:07
VD-52-0370-014-002,3003700101305Q,1,1,-99,-99,S,-99,,3,2022-01-02 19:21:07
VD-52-0610-260-01,1006100025900Q,0,1,97.0,3.0,L,0,,0,2022-01-02 19:21:07
VD-52-0610-260-01,1006100025900Q,0,1,97.0,3.0,S,10,,0,2022-01-02 19:21:07
VD-52-0610-260-01,1006100025900Q,1,1,0,0,L,0,,0,2022-01-02 19:21:07
VD-52-0610-260-01,1006100025900Q,1,1,0,0,S,0,,0,2022-01-02 19:21:07
VD-52-0610-260-02,1006101170000Q,0,1,-99,-99,L,-99,,3,2022-01-02 19:21:07
VD-52-0610-260-02,1006101170000Q,0,1,-99,-99,S,-99,,3,2022-01-02 19:21:07
VD-52-0610-260-02,1006101170000Q,1,1,-99,-99,L,-99,,3,2022-01-02 19:21:07
VD-52-0610-260-02,1006101170000Q,1,1,-99,-99,S,-99,,3,2022-01-02 19:21:07
VD-52-0610-262-001,1006100026100Q,0,1,53.0,1.0,L,0,,0,2022-01-02 19:21:07
VD-52-0610-262-001,1006100026100Q,0,1,53.0,1.0,S,2,,0,2022-01-02 19:21:07
VD-52-0610-262-001,1006100026100Q,1,1,0,0,L,0,,0,2022-01-02 19:21:07
VD-52-0610-262-001,1006100026100Q,1,1,0,0,S,0,,0,2022-01-02 19:21:07
VD-52-0610-263-001,1006100126100Q,0,1,82.0,1.0,L,0,,0,2022-01-02 19:21:07
VD-52-0610-263-001,1006100126100Q,0,1,82.0,1.0,S,4,,0,2022-01-02 19:21:07
VD-52-0610-263-001,1006100126100Q,1,1,0,0,L,0,,0,2022-01-02 19:21:07
VD-52-0610-263-001,1006100126100Q,1,1,0,0,S,0,,0,2022-01-02 19:21:07
VD-52-T61-241-01,1006100023900P,0,1,-99,-99,L,-99,,3,2022-01-02 19:21:07
VD-52-T61-241-01,1006100023900P,0,1,-99,-99,S,-99,,3,2022-01-02 19:21:07
VD-52-T61-241-01,1006100023900P,1,1,-99,-99,L,-99,,3,2022-01-02 19:21:07
VD-52-T61-241-01,1006100023900P,1,1,-99,-99,S,-99,,3,2022-01-02 19:21:07
VD-52-T61-246-01,1006100024400P,0,1,86.0,1.0,L,0,,0,2022-01-02 19:21:07
VD-52-T61-246-01,1006100024400P,0,1,86.0,1.0,S,3,,0,2022-01-02 19:21:07
VD-52-T61-246-01,1006100024400P,1,1,82.0,1.0,L,0,,0,2022-01-02 19:21:07
VD-52-T61-246-01,1006100024400P,1,1,82.0,1.0,S,3,,0,2022-01-02 19:21:07
VD-52-T61-249-01,1006100124700P,0,1,103.0,2.0,L,1,,0,2022-01-02 19:21:07
VD-52-T61-249-01,1006100124700P,0,1,103.0,2.0,S,5,,0,2022-01-02 19:21:07
VD-52-T61-249-01,1006100124700P,1,1,106.0,1.0,L,0,,0,2022-01-02 19:21:07
VD-52-T61-249-01,1006100124700P,1,1,106.0,1.0,S,6,,0,2022-01-02 19:21:07
VD-52-T61-257-01,1006100025510Q,0,1,92.0,1.0,L,1,,0,2022-01-02 19:21:07
VD-52-T61-257-01,1006100025510Q,0,1,92.0,1.0,S,1,,0,2022-01-02 19:21:07
VD-52-T61-257-01,1006100025510Q,1,1,99.0,1.0,L,0,,0,2022-01-02 19:21:07
VD-52-T61-257-01,1006100025510Q,1,1,99.0,1.0,S,2,,0,2022-01-02 19:21:07
VD-52-T61-264-01,1006100126270Q,0,1,-99,-99,L,-99,,3,2022-01-02 19:21:07
VD-52-T61-264-01,1006100126270Q,0,1,-99,-99,S,-99,,3,2022-01-02 19:21:07
VD-52-T61-264-01,1006100126270Q,1,1,-99,-99,L,-99,,3,2022-01-02 19:21:07
VD-52-T61-264-01,1006100126270Q,1,1,-99,-99,S,-99,,3,2022-01-02 19:21:07
VD-52-T61-269-01,1006100026700Q,0,1,94.0,1.0,L,0,,0,2022-01-02 19:21:07
VD-52-T61-269-01,1006100026700Q,0,1,94.0,1.0,S,6,,0,2022-01-02 19:21:07
VD-52-T61-269-01,1006100026700Q,1,1,0,0,L,0,,0,2022-01-02 19:21:07
VD-52-T61-269-01,1006100026700Q,1,1,0,0,S,0,,0,2022-01-02 19:21:07
VD-52-T61-271-01,1006100026900Q,0,1,0,0,L,0,,0,2022-01-02 19:21:07
VD-52-T61-271-01,1006100026900Q,0,1,0,0,S,0,,0,2022-01-02 19:21:07
VD-52-T61-271-01,1006100026900Q,1,1,110.0,0.5,L,0,,0,2022-01-02 19:21:07
VD-52-T61-271-01,1006100026900Q,1,1,110.0,0.5,S,1,,0,2022-01-02 19:21:07
VD-52-T61-274-01,1006100127200Q,0,1,92.5,1.0,L,1,,0,2022-01-02 19:21:07
VD-52-T61-274-01,1006100127200Q,0,1,92.5,1.0,S,5,,0,2022-01-02 19:21:07
VD-52-T61-274-01,1006100127200Q,1,1,106.0,1.0,L,0,,0,2022-01-02 19:21:07
VD-52-T61-274-01,1006100127200Q,1,1,106.0,1.0,S,7,,0,2022-01-02 19:21:07
VD-53-0010-289-01,3000100028967D,0,1,-99,-99,L,-99,,3,2022-01-02 19:21:07
VD-53-0010-289-01,3000100028967D,0,1,-99,-99,S,-99,,3,2022-01-02 19:21:07
VD-53-0010-289-01,3000100028967D,1,1,-99,-99,L,-99,,3,2022-01-02 19:21:07
VD-53-0010-289-01,3000100028967D,1,1,-99,-99,S,-99,,3,2022-01-02 19:21:07
VD-53-0010-289-01,3000100128958D,0,1,-99,-99,L,-99,,3,2022-01-02 19:21:07
VD-53-0010-289-01,3000100128958D,0,1,-99,-99,S,-99,,3,2022-01-02 19:21:07
VD-53-0010-289-01,3000100128958D,1,1,-99,-99,L,-99,,3,2022-01-02 19:21:07
VD-53-0010-289-01,3000100128958D,1,1,-99,-99,S,-99,,3,2022-01-02 19:21:07
VD-53-0010-297-01,3000100029712D,0,1,-99,-99,L,-99,,3,2022-01-02 19:21:07
VD-53-0010-297-01,3000100029712D,0,1,-99,-99,S,-99,,3,2022-01-02 19:21:07
VD-53-0010-297-01,3000100029712D,1,1,-99,-99,L,-99,,3,2022-01-02 19:21:07
VD-53-0010-297-01,3000100029712D,1,1,-99,-99,S,-99,,3,2022-01-02 19:21:07
VD-53-0010-297-01,3000100129711D,0,1,-99,-99,L,-99,,3,2022-01-02 19:21:07
VD-53-0010-297-01,3000100129711D,0,1,-99,-99,S,-99,,3,2022-01-02 19:21:07
VD-53-0010-297-01,3000100129711D,1,1,-99,-99,L,-99,,3,2022-01-02 19:21:07
VD-53-0010-297-01,3000100129711D,1,1,-99,-99,S,-99,,3,2022-01-02 19:21:07
VD-53-0010-308-01,3000100030780D,0,1,0,0,L,0,,0,2022-01-02 19:21:07
VD-53-0010-308-01,3000100030780D,0,1,0,0,S,0,,0,2022-01-02 19:21:07
VD-53-0010-308-01,3000100030780D,1,1,0,0,L,0,,0,2022-01-02 19:21:07
VD-53-0010-308-01,3000100030780D,1,1,0,0,S,0,,0,2022-01-02 19:21:07
VD-53-0010-308-01,3000100030780D,2,1,0,0,L,0,,0,2022-01-02 19:21:07
VD-53-0010-308-01,3000100030780D,2,1,0,0,S,0,,0,2022-01-02 19:21:07
VD-53-0170-139-01,3001700013871D,0,1,51.0,1.0,L,0,,0,2022-01-02 19:21:07
VD-53-0170-139-01,3001700013871D,0,1,51.0,1.0,S,2,,0,2022-01-02 19:21:07
VD-53-0170-139-01,3001700013871D,1,1,53.0,2.0,L,1,,0,2022-01-02 19:21:07
VD-53-0170-139-01,3001700013871D,1,1,53.0,2.0,S,3,,0,2022-01-02 19:21:07
VD-53-0170-141-01,3001700014176D,0,1,75.0,1.0,L,0,,0,2022-01-02 19:21:07
VD-53-0170-141-01,3001700014176D,0,1,75.0,1.0,S,1,,0,2022-01-02 19:21:07
VD-53-0170-141-01,3001700014176D,1,1,75.0,1.0,L,0,,0,2022-01-02 19:21:07
VD-53-0170-141-01,3001700014176D,1,1,75.0,1.0,S,1,,0,2022-01-02 19:21:07
VD-53-0190-111-01,3001900011088D,0,1,0,0,L,0,,0,2022-01-02 19:21:07
VD-53-0190-111-01,3001900011088D,0,1,0,0,S,0,,0,2022-01-02 19:21:07
VD-53-0190-111-01,3001900011088D,1,1,45.0,1.0,L,0,,0,2022-01-02 19:21:07
VD-53-0190-111-01,3001900011088D,1,1,45.0,1.0,S,2,,0,2022-01-02 19:21:07
VD-53-0190-122-01,3001900012073D,0,1,55.0,1.0,L,0,,0,2022-01-02 19:21:07
VD-53-0190-122-01,3001900012073D,0,1,55.0,1.0,S,1,,0,2022-01-02 19:21:07
VD-53-0190-122-01,3001900012073D,1,1,55.0,1.0,L,0,,0,2022-01-02 19:21:07
VD-53-0190-122-01,3001900012073D,1,1,55.0,1.0,S,2,,0,2022-01-02 19:21:07
VD-53-019A-000-01,3001910000000D,0,1,55.0,2.0,L,0,,0,2022-01-02 19:21:07
VD-53-019A-000-01,3001910000000D,0,1,55.0,2.0,S,4,,0,2022-01-02 19:21:07
VD-53-019A-000-01,3001910000000D,1,1,67.0,1.0,L,0,,0,2022-01-02 19:21:07
VD-53-019A-000-01,3001910000000D,1,1,67.0,1.0,S,1,,0,2022-01-02 19:21:07
VD-53-019A-009-002,3001910000892D,0,1,0,0,L,0,,0,2022-01-02 19:21:07
VD-53-019A-009-002,3001910000892D,0,1,0,0,S,0,,0,2022-01-02 19:21:07
VD-53-019A-009-01,3001910000892D,0,1,48.0,1.0,L,0,,0,2022-01-02 19:21:07
VD-53-019A-009-01,3001910000892D,0,1,48.0,1.0,S,3,,0,2022-01-02 19:21:07
VD-53-019A-014-01,3001910001400D,0,1,38.0,2.0,L,0,,0,2022-01-02 19:21:07
VD-53-019A-014-01,3001910001400D,0,1,38.0,2.0,S,2,,0,2022-01-02 19:21:07
VD-53-019A-014-01,3001910001400D,1,1,45.0,1.0,L,0,,0,2022-01-02 19:21:07
VD-53-019A-014-01,3001910001400D,1,1,45.0,1.0,S,1,,0,2022-01-02 19:21:07
VD-53-0610-283-01,1006100028100D,0,1,103.0,1.0,L,0,,0,2022-01-02 19:21:07
VD-53-0610-283-01,1006100028100D,0,1,103.0,1.0,S,4,,0,2022-01-02 19:21:07
VD-53-0610-283-01,1006100028100D,1,1,0,0,L,0,,0,2022-01-02 19:21:07
VD-53-0610-283-01,1006100028100D,1,1,0,0,S,0,,0,2022-01-02 19:21:07
VD-53-0610-283-02,1006101176080D,0,1,64.0,1.0,L,0,,0,2022-01-02 19:21:07
VD-53-0610-283-02,1006101176080D,0,1,64.0,1.0,S,4,,0,2022-01-02 19:21:07
VD-53-0610-283-03,1006101076010D,0,1,0,0,L,0,,0,2022-01-02 19:21:07
VD-53-0610-283-03,1006101076010D,0,1,0,0,S,0,,0,2022-01-02 19:21:07
VD-53-0610-284-02,1006100128250D,0,1,0,0,L,0,,0,2022-01-02 19:21:07
VD-53-0610-284-02,1006100128250D,0,1,0,0,S,0,,0,2022-01-02 19:21:07
VD-53-0610-284-02,1006100128250D,1,1,0,0,L,0,,0,2022-01-02 19:21:07
VD-53-0610-284-02,1006100128250D,1,1,0,0,S,0,,0,2022-01-02 19:21:07
VD-53-T61-280-01,1006100027760D,0,1,-99,-99,L,-99,,3,2022-01-02 19:21:07
VD-53-T61-280-01,1006100027760D,0,1,-99,-99,S,-99,,3,2022-01-02 19:21:07
VD-53-T61-280-01,1006100027760D,1,1,-99,-99,L,-99,,3,2022-01-02 19:21:07
VD-53-T61-280-01,1006100027760D,1,1,-99,-99,S,-99,,3,2022-01-02 19:21:07
VD-53-T61-282-01,1006100028100D,0,1,0,0,L,0,,0,2022-01-02 19:21:07
VD-53-T61-282-01,1006100028100D,0,1,0,0,S,0,,0,2022-01-02 19:21:07
VD-53-T61-282-01,1006100028100D,1,1,0,0,L,0,,0,2022-01-02 19:21:07
VD-53-T61-282-01,1006100028100D,1,1,0,0,S,0,,0,2022-01-02 19:21:07
VD-53-T61-284-01,1006100028300D,0,1,101.0,1.0,L,0,,0,2022-01-02 19:21:07
VD-53-T61-284-01,1006100028300D,0,1,101.0,1.0,S,1,,0,2022-01-02 19:21:07
VD-53-T61-284-01,1006100028300D,1,1,95.0,1.0,L,1,,0,2022-01-02 19:21:07
VD-53-T61-284-01,1006100028300D,1,1,95.0,1.0,S,1,,0,2022-01-02 19:21:07
VD-54-0010-313-01,3000100031372D,0,1,59.0,8.1,L,0,,0,2022-01-02 19:21:07
VD-54-0010-313-01,3000100031372D,0,1,59.0,8.1,S,8,,0,2022-01-02 19:21:07
VD-54-0010-313-01,3000100031372D,1,1,70.0,8.6,L,0,,0,2022-01-02 19:21:07
VD-54-0010-313-01,3000100031372D,1,1,70.0,8.6,S,10,,0,2022-01-02 19:21:07
VD-54-0010-321-01,3000100032142D,0,1,63.0,1,L,0,,0,2022-01-02 19:21:07
VD-54-0010-321-01,3000100032142D,0,1,63.0,1,S,1,,0,2022-01-02 19:21:07
VD-54-0010-321-01,3000100032142D,1,1,48.0,2.0,L,0,,0,2022-01-02 19:21:07
VD-54-0010-321-01,3000100032142D,1,1,48.0,2.0,S,4,,0,2022-01-02 19:21:07
VD-54-0010-321-01,3000100032142D,2,1,47.0,2.0,L,0,,0,2022-01-02 19:21:07
VD-54-0010-321-01,3000100032142D,2,1,47.0,2.0,S,4,,0,2022-01-02 19:21:07
VD-54-0010-322-01,3000100032253D,0,1,0,0,L,0,,0,2022-01-02 19:21:07
VD-54-0010-322-01,3000100032253D,0,1,0,0,S,0,,0,2022-01-02 19:21:07
VD-54-0010-322-01,3000100032253D,1,1,0,0,L,0,,0,2022-01-02 19:21:07
VD-54-0010-322-01,3000100032253D,1,1,0,0,S,0,,0,2022-01-02 19:21:07
VD-54-0010-326-01,3000100032615D,0,1,0,0,L,0,,0,2022-01-02 19:21:07
VD-54-0010-326-01,3000100032615D,0,1,0,0,S,0,,0,2022-01-02 19:21:07
VD-54-0010-326-01,3000100032615D,1,1,0,0,L,0,,0,2022-01-02 19:21:07
VD-54-0010-326-01,3000100032615D,1,1,0,0,S,0,,0,2022-01-02 19:21:07
VD-54-0010-328-01,3000100032795D,0,1,54.0,6.0,L,0,,0,2022-01-02 19:21:07
VD-54-0010-328-01,3000100032795D,0,1,54.0,6.0,S,16,,0,2022-01-02 19:21:07
VD-54-0010-328-01,3000100032795D,1,1,39.0,10.0,L,1,,0,2022-01-02 19:21:07
VD-54-0010-328-01,3000100032795D,1,1,39.0,10.0,S,11,,0,2022-01-02 19:21:07
VD-54-0010-330-01,3000100132982D,0,1,0,0,L,0,,0,2022-01-02 19:21:07
VD-54-0010-330-01,3000100132982D,0,1,0,0,S,0,,0,2022-01-02 19:21:07
VD-54-0010-330-01,3000100132982D,1,1,0,0,L,0,,0,2022-01-02 19:21:07
VD-54-0010-330-01,3000100132982D,1,1,0,0,S,0,,0,2022-01-02 19:21:07
VD-54-0010-330-02,3000100033072D,0,1,-99,-99,L,-99,,3,2022-01-02 19:21:07
VD-54-0010-330-02,3000100033072D,0,1,-99,-99,S,-99,,3,2022-01-02 19:21:07
VD-54-0010-330-02,3000100033072D,1,1,-99,-99,L,-99,,3,2022-01-02 19:21:07
VD-54-0010-330-02,3000100033072D,1,1,-99,-99,S,-99,,3,2022-01-02 19:21:07
VD-54-0010-330-02,3000100133073D,0,1,-99,-99,L,-99,,3,2022-01-02 19:21:07
VD-54-0010-330-02,3000100133073D,0,1,-99,-99,S,-99,,3,2022-01-02 19:21:07
VD-54-0010-330-02,3000100133073D,1,1,-99,-99,L,-99,,3,2022-01-02 19:21:07
VD-54-0010-330-02,3000100133073D,1,1,-99,-99,S,-99,,3,2022-01-02 19:21:07
VD-54-0010-332-01,3000100033246D,0,1,-99,-99,L,-99,,3,2022-01-02 19:21:07
VD-54-0010-332-01,3000100033246D,0,1,-99,-99,S,-99,,3,2022-01-02 19:21:07
VD-54-0010-332-01,3000100033246D,1,1,-99,-99,L,-99,,3,2022-01-02 19:21:07
VD-54-0010-332-01,3000100033246D,1,1,-99,-99,S,-99,,3,2022-01-02 19:21:07
VD-54-0010-332-01,3000100133246D,0,1,-99,-99,L,-99,,3,2022-01-02 19:21:07
VD-54-0010-332-01,3000100133246D,0,1,-99,-99,S,-99,,3,2022-01-02 19:21:07
VD-54-0010-332-01,3000100133246D,1,1,-99,-99,L,-99,,3,2022-01-02 19:21:07
VD-54-0010-332-01,3000100133246D,1,1,-99,-99,S,-99,,3,2022-01-02 19:21:07
VD-54-0010-342-01,3000100034216D,0,1,59.0,7.1,L,0,,0,2022-01-02 19:21:07
VD-54-0010-342-01,3000100034216D,0,1,59.0,7.1,S,7,,0,2022-01-02 19:21:07
VD-54-0010-342-01,3000100034216D,1,1,59.0,10.2,L,0,,0,2022-01-02 19:21:07
VD-54-0010-342-01,3000100034216D,1,1,59.0,10.2,S,10,,0,2022-01-02 19:21:07
VD-54-0170-159-01,3001700015917D,0,1,82.0,1.0,L,0,,0,2022-01-02 19:21:07
VD-54-0170-159-01,3001700015917D,0,1,82.0,1.0,S,3,,0,2022-01-02 19:21:07
VD-54-0170-159-01,3001700015917D,1,1,61.0,2.0,L,0,,0,2022-01-02 19:21:07
VD-54-0170-159-01,3001700015917D,1,1,61.0,2.0,S,5,,0,2022-01-02 19:21:07
VD-54-0170-164-002,3001700016402D,0,1,-99,-99,L,-99,,3,2022-01-02 19:21:07
VD-54-0170-164-002,3001700016402D,0,1,-99,-99,S,-99,,3,2022-01-02 19:21:07
VD-54-0170-164-002,3001700016402D,1,1,-99,-99,L,-99,,3,2022-01-02 19:21:07
VD-54-0170-164-002,3001700016402D,1,1,-99,-99,S,-99,,3,2022-01-02 19:21:07
VD-54-0170-164-002,3001700116402D,0,1,-99,-99,L,-99,,3,2022-01-02 19:21:07
VD-54-0170-164-002,3001700116402D,0,1,-99,-99,S,-99,,3,2022-01-02 19:21:07
VD-54-0170-164-002,3001700116402D,1,1,-99,-99,L,-99,,3,2022-01-02 19:21:07
VD-54-0170-164-002,3001700116402D,1,1,-99,-99,S,-99,,3,2022-01-02 19:21:07
VD-54-0190-129-01,3001900012912D,0,1,40.0,2.0,L,0,,0,2022-01-02 19:21:07
VD-54-0190-129-01,3001900012912D,0,1,40.0,2.0,S,4,,0,2022-01-02 19:21:07
VD-54-0190-129-01,3001900012912D,1,1,40.0,3.0,L,0,,0,2022-01-02 19:21:07
VD-54-0190-129-01,3001900012912D,1,1,40.0,3.0,S,5,,0,2022-01-02 19:21:07
VD-54-0190-132-01,3001900013232D,0,1,64.0,1.0,L,0,,0,2022-01-02 19:21:07
VD-54-0190-132-01,3001900013232D,0,1,64.0,1.0,S,2,,0,2022-01-02 19:21:07
VD-54-0190-133-01,3001900013232D,0,1,67.0,2.0,L,0,,0,2022-01-02 19:21:07
VD-54-0190-133-01,3001900013232D,0,1,67.0,2.0,S,7,,0,2022-01-02 19:21:07
VD-54-0190-137-01,3001900013768D,0,1,47.0,2.0,L,0,,0,2022-01-02 19:21:07
VD-54-0190-137-01,3001900013768D,0,1,47.0,2.0,S,4,,0,2022-01-02 19:21:07
VD-54-019A-019-01,3001910001900D,0,1,40.0,6.0,L,0,,0,2022-01-02 19:21:07
VD-54-019A-019-01,3001910001900D,0,1,40.0,6.0,S,4,,0,2022-01-02 19:21:07
VD-54-019A-019-01,3001910001900D,1,1,39.0,2.0,L,0,,0,2022-01-02 19:21:07
VD-54-019A-019-01,3001910001900D,1,1,39.0,2.0,S,5,,0,2022-01-02 19:21:07
VD-54-019A-028-01,3001910002729D,0,1,77.0,1.0,L,0,,0,2022-01-02 19:21:07
VD-54-019A-028-01,3001910002729D,0,1,77.0,1.0,S,4,,0,2022-01-02 19:21:07
VD-54-019A-028-01,3001910002729D,1,1,61.0,1.0,L,0,,0,2022-01-02 19:21:07
VD-54-019A-028-01,3001910002729D,1,1,61.0,1.0,S,4,,0,2022-01-02 19:21:07
VD-54-019A-045-01,3001910004552D,0,1,0,0,L,0,,0,2022-01-02 19:21:07
VD-54-019A-045-01,3001910004552D,0,1,0,0,S,0,,0,2022-01-02 19:21:07
VD-54-019A-045-01,3001910004552D,1,1,0,0,L,0,,0,2022-01-02 19:21:07
VD-54-019A-045-01,3001910004552D,1,1,0,0,S,0,,0,2022-01-02 19:21:07
VD-54-019A-045-02,3001910004347D,0,1,63.0,2.0,L,0,,0,2022-01-02 19:21:07
VD-54-019A-045-02,3001910004347D,0,1,63.0,2.0,S,6,,0,2022-01-02 19:21:07
VD-54-019A-045-02,3001910004347D,1,1,55.0,1.0,L,0,,0,2022-01-02 19:21:07
VD-54-019A-045-02,3001910004347D,1,1,55.0,1.0,S,3,,0,2022-01-02 19:21:07
VD-54-019A-054-01,3001910005451D,0,1,52.0,1.0,L,0,,0,2022-01-02 19:21:07
VD-54-019A-054-01,3001910005451D,0,1,52.0,1.0,S,2,,0,2022-01-02 19:21:07
VD-54-019A-054-01,3001910005451D,1,1,0,0,L,0,,0,2022-01-02 19:21:07
VD-54-019A-054-01,3001910005451D,1,1,0,0,S,0,,0,2022-01-02 19:21:07
VD-54-0200-003-01,3002000000317D,0,1,48.0,6.0,L,1,,0,2022-01-02 19:21:07
VD-54-0200-003-01,3002000000317D,0,1,48.0,6.0,S,11,,0,2022-01-02 19:21:07
VD-54-0200-003-01,3002000000317D,1,1,62.0,1.0,L,0,,0,2022-01-02 19:21:07
VD-54-0200-003-01,3002000000317D,1,1,62.0,1.0,S,2,,0,2022-01-02 19:21:07
VD-54-0200-003-02,3002000000371D,0,1,40.0,9.0,L,0,,0,2022-01-02 19:21:07
VD-54-0200-003-02,3002000000371D,0,1,40.0,9.0,S,13,,0,2022-01-02 19:21:07
VD-54-0200-003-02,3002000000371D,1,1,56.0,2.0,L,0,,0,2022-01-02 19:21:07
VD-54-0200-003-02,3002000000371D,1,1,56.0,2.0,S,5,,0,2022-01-02 19:21:07
VD-54-0200-009-01,3002000000933D,0,1,55.0,2.0,L,0,,0,2022-01-02 19:21:07
VD-54-0200-009-01,3002000000933D,0,1,55.0,2.0,S,4,,0,2022-01-02 19:21:07
VD-54-0200-009-01,3002000000933D,1,1,65.0,1.0,L,1,,0,2022-01-02 19:21:07
VD-54-0200-009-01,3002000000933D,1,1,65.0,1.0,S,1,,0,2022-01-02 19:21:07
VD-54-0200-014-01,3002000001400D,0,1,63.0,1.0,L,0,,0,2022-01-02 19:21:07
VD-54-0200-014-01,3002000001400D,0,1,63.0,1.0,S,2,,0,2022-01-02 19:21:07
VD-54-0200-014-01,3002000001400D,1,1,72.0,1.0,L,0,,0,2022-01-02 19:21:07
VD-54-0200-014-01,3002000001400D,1,1,72.0,1.0,S,1,,0,2022-01-02 19:21:07
VD-54-0200-016-01,3002000001598D,0,1,69.0,2.0,L,0,,0,2022-01-02 19:21:07
VD-54-0200-016-01,3002000001598D,0,1,69.0,2.0,S,8,,0,2022-01-02 19:21:07
VD-54-0200-016-01,3002000001598D,1,1,82.0,3.0,L,0,,0,2022-01-02 19:21:07
VD-54-0200-016-01,3002000001598D,1,1,82.0,3.0,S,9,,0,2022-01-02 19:21:07
VD-54-0200-016-02,3002000001473D,0,1,57.0,2.0,L,0,,0,2022-01-02 19:21:07
VD-54-0200-016-02,3002000001473D,0,1,57.0,2.0,S,6,,0,2022-01-02 19:21:07
VD-54-0200-016-02,3002000001473D,1,1,50.0,2.0,L,0,,0,2022-01-02 19:21:07
VD-54-0200-016-02,3002000001473D,1,1,50.0,2.0,S,4,,0,2022-01-02 19:21:07
VD-54-0200-018-001,3002000001851D,0,1,40.5,2.0,L,1,,0,2022-01-02 19:21:07
VD-54-0200-018-001,3002000001851D,0,1,40.5,2.0,S,3,,0,2022-01-02 19:21:07
VD-54-0200-018-001,3002000001851D,1,1,66.0,1.0,L,0,,0,2022-01-02 19:21:07
VD-54-0200-018-001,3002000001851D,1,1,66.0,1.0,S,4,,0,2022-01-02 19:21:07
VD-54-0610-304-01,1006100130200D,0,1,97.0,1.0,L,0,,0,2022-01-02 19:21:07
VD-54-0610-304-01,1006100130200D,0,1,97.0,1.0,S,3,,0,2022-01-02 19:21:07
VD-54-0610-304-01,1006100130200D,1,1,0,0,L,0,,0,2022-01-02 19:21:07
VD-54-0610-304-01,1006100130200D,1,1,0,0,S,0,,0,2022-01-02 19:21:07
VD-54-T61-297-01,1006100029500D,0,1,98.0,1,L,1,,0,2022-01-02 19:21:07
VD-54-T61-297-01,1006100029500D,0,1,98.0,1,S,2,,0,2022-01-02 19:21:07
VD-54-T61-297-01,1006100029500D,1,1,100.0,1,L,0,,0,2022-01-02 19:21:07
VD-54-T61-297-01,1006100029500D,1,1,100.0,1,S,2,,0,2022-01-02 19:21:07
VD-54-T61-299-01,1006100129700D,0,1,78.0,1,L,0,,0,2022-01-02 19:21:07
VD-54-T61-299-01,1006100129700D,0,1,78.0,1,S,1,,0,2022-01-02 19:21:07
VD-54-T61-299-01,1006100129700D,1,1,109.0,1,L,0,,0,2022-01-02 19:21:07
VD-54-T61-299-01,1006100129700D,1,1,109.0,1,S,2,,0,2022-01-02 19:21:07
VD-55-0030-289-01,3000300028734Q,0,1,-99,-99,L,-99,,3,2022-01-02 19:21:07
VD-55-0030-289-01,3000300028734Q,0,1,-99,-99,S,-99,,3,2022-01-02 19:21:07
VD-55-0030-289-01,3000300028734Q,1,1,-99,-99,L,-99,,3,2022-01-02 19:21:07
VD-55-0030-289-01,3000300028734Q,1,1,-99,-99,S,-99,,3,2022-01-02 19:21:07
VD-55-0030-289-01,3000300128734Q,0,1,-99,-99,L,-99,,3,2022-01-02 19:21:07
VD-55-0030-289-01,3000300128734Q,0,1,-99,-99,S,-99,,3,2022-01-02 19:21:07
VD-55-0030-289-01,3000300128734Q,1,1,-99,-99,L,-99,,3,2022-01-02 19:21:07
VD-55-0030-289-01,3000300128734Q,1,1,-99,-99,S,-99,,3,2022-01-02 19:21:07
VD-55-0030-335-01,3000300133436Q,0,1,-99,-99,L,-99,,3,2022-01-02 19:21:07
VD-55-0030-335-01,3000300133436Q,0,1,-99,-99,S,-99,,3,2022-01-02 19:21:07
VD-55-0030-336-01,3000300033574Q,0,1,-99,-99,L,-99,,3,2022-01-02 19:21:07
VD-55-0030-336-01,3000300033574Q,0,1,-99,-99,S,-99,,3,2022-01-02 19:21:07
VD-55-0030-336-01,3000300033574Q,1,1,-99,-99,L,-99,,3,2022-01-02 19:21:07
VD-55-0030-336-01,3000300033574Q,1,1,-99,-99,S,-99,,3,2022-01-02 19:21:07
VD-55-0030-336-01,3000300133574Q,0,1,-99,-99,L,-99,,3,2022-01-02 19:21:07
VD-55-0030-336-01,3000300133574Q,0,1,-99,-99,S,-99,,3,2022-01-02 19:21:07
VD-55-0030-336-01,3000300133574Q,1,1,-99,-99,L,-99,,3,2022-01-02 19:21:07
VD-55-0030-336-01,3000300133574Q,1,1,-99,-99,S,-99,,3,2022-01-02 19:21:07
VD-55-0030-365-01,3000300036617D,0,1,51.0,1.0,L,0,,0,2022-01-02 19:21:07
VD-55-0030-365-01,3000300036617D,0,1,51.0,1.0,S,1,,0,2022-01-02 19:21:07
VD-55-0030-365-01,3000300036617D,1,1,0,0,L,0,,0,2022-01-02 19:21:07
VD-55-0030-365-01,3000300036617D,1,1,0,0,S,0,,0,2022-01-02 19:21:07
VD-55-0030-378-01,3000300037804D,0,1,0,0,L,0,,0,2022-01-02 19:21:07
VD-55-0030-378-01,3000300037804D,0,1,0,0,S,0,,0,2022-01-02 19:21:07
VD-55-0030-378-01,3000300037804D,1,1,65.0,1.0,L,0,,0,2022-01-02 19:21:07
VD-55-0030-378-01,3000300037804D,1,1,65.0,1.0,S,4,,0,2022-01-02 19:21:07
VD-55-0200-020-01,3002000002011D,0,1,70.0,1.0,L,0,,0,2022-01-02 19:21:07
VD-55-0200-020-01,3002000002011D,0,1,70.0,1.0,S,2,,0,2022-01-02 19:21:07
VD-55-0200-020-01,3002000002011D,1,1,54.0,1.0,L,0,,0,2022-01-02 19:21:07
VD-55-0200-020-01,3002000002011D,1,1,54.0,1.0,S,1,,0,2022-01-02 19:21:07
VD-55-0200-024-01,3002000002466D,0,1,43.0,1.0,L,0,,0,2022-01-02 19:21:07
VD-55-0200-024-01,3002000002466D,0,1,43.0,1.0,S,2,,0,2022-01-02 19:21:07
VD-55-0200-024-01,3002000002466D,1,1,55.0,2.0,L,0,,0,2022-01-02 19:21:07
VD-55-0200-024-01,3002000002466D,1,1,55.0,2.0,S,4,,0,2022-01-02 19:21:07
VD-55-0200-035-02,3002000003580D,0,1,-99,-99,L,-99,,3,2022-01-02 19:21:07
VD-55-0200-035-02,3002000003580D,0,1,-99,-99,S,-99,,3,2022-01-02 19:21:07
VD-55-0200-035-02,3002000003580D,1,1,-99,-99,L,-99,,3,2022-01-02 19:21:07
VD-55-0200-035-02,3002000003580D,1,1,-99,-99,S,-99,,3,2022-01-02 19:21:07
VD-55-0200-035-02,3002000103580D,0,1,-99,-99,L,-99,,3,2022-01-02 19:21:07
VD-55-0200-035-02,3002000103580D,0,1,-99,-99,S,-99,,3,2022-01-02 19:21:07
VD-55-0200-035-02,3002000103580D,1,1,-99,-99,L,-99,,3,2022-01-02 19:21:07
VD-55-0200-035-02,3002000103580D,1,1,-99,-99,S,-99,,3,2022-01-02 19:21:07
VD-56-0030-273-01,3000300027300Q,0,1,-99,-99,L,-99,,3,2022-01-02 19:21:07
VD-56-0030-273-01,3000300027300Q,0,1,-99,-99,S,-99,,3,2022-01-02 19:21:07
VD-56-0030-273-01,3000300127300Q,0,1,-99,-99,L,-99,,3,2022-01-02 19:21:07
VD-56-0030-273-01,3000300127300Q,0,1,-99,-99,S,-99,,3,2022-01-02 19:21:07
VD-56-0030-280-01,3000300028076Q,0,1,-99,-99,L,-99,,3,2022-01-02 19:21:07
VD-56-0030-280-01,3000300028076Q,0,1,-99,-99,S,-99,,3,2022-01-02 19:21:07
VD-56-0030-280-01,3000300128076Q,0,1,-99,-99,L,-99,,3,2022-01-02 19:21:07
VD-56-0030-280-01,3000300128076Q,0,1,-99,-99,S,-99,,3,2022-01-02 19:21:07
VD-56-0180-018-01,3001800001826Q,0,1,38.0,6.0,L,0,,0,2022-01-02 19:21:07
VD-56-0180-018-01,3001800001826Q,0,1,38.0,6.0,S,9,,0,2022-01-02 19:21:07
VD-56-0180-018-01,3001800001826Q,1,1,61.0,1.0,L,0,,0,2022-01-02 19:21:07
VD-56-0180-018-01,3001800001826Q,1,1,61.0,1.0,S,3,,0,2022-01-02 19:21:07
VD-56-0180-020-01,3001800002028Q,0,1,50.0,3.0,L,1,,0,2022-01-02 19:21:07
VD-56-0180-020-01,3001800002028Q,0,1,50.0,3.0,S,2,,0,2022-01-02 19:21:07
VD-56-0180-020-01,3001800002028Q,1,1,37.0,5.0,L,1,,0,2022-01-02 19:21:07
VD-56-0180-020-01,3001800002028Q,1,1,37.0,5.0,S,5,,0,2022-01-02 19:21:07
VD-56-0180-021-01,3001800002165Q,0,1,28.0,3.0,L,0,,0,2022-01-02 19:21:07
VD-56-0180-021-01,3001800002165Q,0,1,28.0,3.0,S,3,,0,2022-01-02 19:21:07
VD-56-0180-021-01,3001800002165Q,1,1,28.0,5.0,L,0,,0,2022-01-02 19:21:07
VD-56-0180-021-01,3001800002165Q,1,1,28.0,5.0,S,5,,0,2022-01-02 19:21:07
VD-56-0180-021-02,3001800002092Q,0,1,40.0,2.0,L,0,,0,2022-01-02 19:21:07
VD-56-0180-021-02,3001800002092Q,0,1,40.0,2.0,S,5,,0,2022-01-02 19:21:07
VD-56-0180-021-02,3001800002092Q,1,1,43.0,6.0,L,1,,0,2022-01-02 19:21:07
VD-56-0180-021-02,3001800002092Q,1,1,43.0,6.0,S,3,,0,2022-01-02 19:21:07
VD-56-0180-026-01,3001800002537Q,0,1,47.0,3.0,L,0,,0,2022-01-02 19:21:07
VD-56-0180-026-01,3001800002537Q,0,1,47.0,3.0,S,6,,0,2022-01-02 19:21:07
VD-56-0180-026-01,3001800002537Q,1,1,60.0,1.0,L,0,,0,2022-01-02 19:21:07
VD-56-0180-026-01,3001800002537Q,1,1,60.0,1.0,S,2,,0,2022-01-02 19:21:07
VD-56-0180-028-01,3001800002798Q,0,1,58.0,1.0,L,0,,0,2022-01-02 19:21:07
VD-56-0180-028-01,3001800002798Q,0,1,58.0,1.0,S,1,,0,2022-01-02 19:21:07
VD-56-0180-028-01,3001800002798Q,1,1,80.0,1.0,L,0,,0,2022-01-02 19:21:07
VD-56-0180-028-01,3001800002798Q,1,1,80.0,1.0,S,3,,0,2022-01-02 19:21:07
VD-56-0180-029-01,3001800002838Q,0,1,47.0,1.0,L,0,,0,2022-01-02 19:21:07
VD-56-0180-029-01,3001800002838Q,0,1,47.0,1.0,S,1,,0,2022-01-02 19:21:07
VD-56-0180-034-01,3001800003334Q,0,1,32.0,1.0,L,0,,0,2022-01-02 19:21:07
VD-56-0180-034-01,3001800003334Q,0,1,32.0,1.0,S,1,,0,2022-01-02 19:21:07
VD-56-0180-039-01,3001800003934Q,0,1,44.0,1.0,L,0,,0,2022-01-02 19:21:07
VD-56-0180-039-01,3001800003934Q,0,1,44.0,1.0,S,2,,0,2022-01-02 19:21:07
VD-56-0180-052-01,3001800005175Q,0,1,0,0,L,0,,0,2022-01-02 19:21:07
VD-56-0180-052-01,3001800005175Q,0,1,0,0,S,0,,0,2022-01-02 19:21:07
VD-56-0180-056-01,3001800005475Q,0,1,0,0,L,0,,0,2022-01-02 19:21:07
VD-56-0180-056-01,3001800005475Q,0,1,0,0,S,0,,0,2022-01-02 19:21:07
VD-56-0180-062-01,3001800006168Q,0,1,56.0,1.0,L,0,,0,2022-01-02 19:21:07
VD-56-0180-062-01,3001800006168Q,0,1,56.0,1.0,S,2,,0,2022-01-02 19:21:07
VD-56-0180-063-01,3001800006295Q,0,1,-99,-99,L,-99,,3,2022-01-02 19:21:07
VD-56-0180-063-01,3001800006295Q,0,1,-99,-99,S,-99,,3,2022-01-02 19:21:07
VD-56-0180-063-01,3001800106295Q,0,1,-99,-99,L,-99,,3,2022-01-02 19:21:07
VD-56-0180-063-01,3001800106295Q,0,1,-99,-99,S,-99,,3,2022-01-02 19:21:07
VD-56-0180-065-01,3001800006494Q,0,1,0,0,L,0,,0,2022-01-02 19:21:07
VD-56-0180-065-01,3001800006494Q,0,1,0,0,S,0,,0,2022-01-02 19:21:07
VD-42-0020-167-02,3000200116721G,0,1,42.0,1.00000,M,0,0.0,0,2022-01-02 19:20:00.000
VD-42-0020-167-02,3000200116721G,0,1,42.0,1.00000,S,1,42.0,0,2022-01-02 19:20:00.000
VD-42-0020-167-02,3000200116721G,0,1,42.0,1.00000,L,0,0.0,0,2022-01-02 19:20:00.000
VD-42-0020-167-02,3000200116721G,0,1,42.0,1.00000,T,0,0.0,0,2022-01-02 19:20:00.000
VD-42-0020-167-02,3000200116721G,1,1,71.0,1.00000,M,0,0.0,0,2022-01-02 19:20:00.000
VD-42-0020-167-02,3000200116721G,1,1,71.0,1.00000,S,2,71.0,0,2022-01-02 19:20:00.000
VD-42-0020-167-02,3000200116721G,1,1,71.0,1.00000,L,0,0.0,0,2022-01-02 19:20:00.000
VD-42-0020-167-02,3000200116721G,1,1,71.0,1.00000,T,0,0.0,0,2022-01-02 19:20:00.000
VD-41-0020-135-01,3000200113538G,0,1,46.0,2.00000,M,0,0.0,0,2022-01-02 19:20:00.000
VD-41-0020-135-01,3000200113538G,0,1,46.0,2.00000,S,4,46.0,0,2022-01-02 19:20:00.000
VD-41-0020-135-01,3000200113538G,0,1,46.0,2.00000,L,0,0.0,0,2022-01-02 19:20:00.000
VD-41-0020-135-01,3000200113538G,0,1,46.0,2.00000,T,0,0.0,0,2022-01-02 19:20:00.000
VD-41-0020-135-01,3000200113538G,1,1,32.0,1.00000,M,0,0.0,0,2022-01-02 19:20:00.000
VD-41-0020-135-01,3000200113538G,1,1,32.0,1.00000,S,1,32.0,0,2022-01-02 19:20:00.000
VD-41-0020-135-01,3000200113538G,1,1,32.0,1.00000,L,0,0.0,0,2022-01-02 19:20:00.000
VD-41-0020-135-01,3000200113538G,1,1,32.0,1.00000,T,0,0.0,0,2022-01-02 19:20:00.000
VD-41-0020-135-01,3000200013538G,0,1,40.0,5.00000,M,0,0.0,0,2022-01-02 19:20:00.000
VD-41-0020-135-01,3000200013538G,0,1,40.0,5.00000,S,6,40.0,0,2022-01-02 19:20:00.000
VD-41-0020-135-01,3000200013538G,0,1,40.0,5.00000,L,1,40.0,0,2022-01-02 19:20:00.000
VD-41-0020-135-01,3000200013538G,0,1,40.0,5.00000,T,0,0.0,0,2022-01-02 19:20:00.000
VD-41-0020-135-01,3000200013538G,1,1,0.0,0.00000,M,0,0.0,0,2022-01-02 19:20:00.000
VD-41-0020-135-01,3000200013538G,1,1,0.0,0.00000,S,0,0.0,0,2022-01-02 19:20:00.000
VD-41-0020-135-01,3000200013538G,1,1,0.0,0.00000,L,0,0.0,0,2022-01-02 19:20:00.000
VD-41-0020-135-01,3000200013538G,1,1,0.0,0.00000,T,0,0.0,0,2022-01-02 19:20:00.000
VD-41-0020-134-01,3000200113391G,0,1,51.0,3.00000,M,0,0.0,0,2022-01-02 19:20:00.000
VD-41-0020-134-01,3000200113391G,0,1,51.0,3.00000,S,8,50.0,0,2022-01-02 19:20:00.000
VD-41-0020-134-01,3000200113391G,0,1,51.0,3.00000,L,0,0.0,0,2022-01-02 19:20:00.000
VD-41-0020-134-01,3000200113391G,0,1,51.0,3.00000,T,0,0.0,0,2022-01-02 19:20:00.000
VD-41-0020-134-01,3000200113391G,1,1,62.0,3.00000,M,0,0.0,0,2022-01-02 19:20:00.000
VD-41-0020-134-01,3000200113391G,1,1,62.0,3.00000,S,3,62.0,0,2022-01-02 19:20:00.000
VD-41-0020-134-01,3000200113391G,1,1,62.0,3.00000,L,2,62.0,0,2022-01-02 19:20:00.000
VD-41-0020-134-01,3000200113391G,1,1,62.0,3.00000,T,0,0.0,0,2022-01-02 19:20:00.000
VD-41-0020-134-01,3000200013305G,0,1,67.0,1.00000,M,0,0.0,0,2022-01-02 19:20:00.000
VD-41-0020-134-01,3000200013305G,0,1,67.0,1.00000,S,2,67.0,0,2022-01-02 19:20:00.000
VD-41-0020-134-01,3000200013305G,0,1,67.0,1.00000,L,0,0.0,0,2022-01-02 19:20:00.000
VD-41-0020-134-01,3000200013305G,0,1,67.0,1.00000,T,0,0.0,0,2022-01-02 19:20:00.000
VD-41-0020-134-01,3000200013305G,1,1,53.0,0.00000,M,0,0.0,0,2022-01-02 19:20:00.000
VD-41-0020-134-01,3000200013305G,1,1,53.0,0.00000,S,1,53.0,0,2022-01-02 19:20:00.000
VD-41-0020-134-01,3000200013305G,1,1,53.0,0.00000,L,0,0.0,0,2022-01-02 19:20:00.000
VD-41-0020-134-01,3000200013305G,1,1,53.0,0.00000,T,0,0.0,0,2022-01-02 19:20:00.000
VD-41-0020-126-01,3000200112555G,0,1,0.0,0.00000,M,0,0.0,0,2022-01-02 19:20:00.000
VD-41-0020-126-01,3000200112555G,0,1,0.0,0.00000,S,0,0.0,0,2022-01-02 19:20:00.000
VD-41-0020-126-01,3000200112555G,0,1,0.0,0.00000,L,0,0.0,0,2022-01-02 19:20:00.000
VD-41-0020-126-01,3000200112555G,0,1,0.0,0.00000,T,0,0.0,0,2022-01-02 19:20:00.000
VD-41-0020-126-01,3000200112555G,1,1,0.0,0.00000,M,0,0.0,0,2022-01-02 19:20:00.000
VD-41-0020-126-01,3000200112555G,1,1,0.0,0.00000,S,0,0.0,0,2022-01-02 19:20:00.000
VD-41-0020-126-01,3000200112555G,1,1,0.0,0.00000,L,0,0.0,0,2022-01-02 19:20:00.000
VD-41-0020-126-01,3000200112555G,1,1,0.0,0.00000,T,0,0.0,0,2022-01-02 19:20:00.000
VD-41-0020-126-01,3000200012554G,0,1,61.0,1.00000,M,0,0.0,0,2022-01-02 19:20:00.000
VD-41-0020-126-01,3000200012554G,0,1,61.0,1.00000,S,3,61.0,0,2022-01-02 19:20:00.000
VD-41-0020-126-01,3000200012554G,0,1,61.0,1.00000,L,0,0.0,0,2022-01-02 19:20:00.000
VD-41-0020-126-01,3000200012554G,0,1,61.0,1.00000,T,0,0.0,0,2022-01-02 19:20:00.000
VD-41-0020-126-01,3000200012554G,1,1,51.0,1.00000,M,0,0.0,0,2022-01-02 19:20:00.000
VD-41-0020-126-01,3000200012554G,1,1,51.0,1.00000,S,3,51.0,0,2022-01-02 19:20:00.000
VD-41-0020-126-01,3000200012554G,1,1,51.0,1.00000,L,0,0.0,0,2022-01-02 19:20:00.000
VD-41-0020-126-01,3000200012554G,1,1,51.0,1.00000,T,0,0.0,0,2022-01-02 19:20:00.000
VD-41-0020-118-01,3000200011713G,0,1,37.0,1.00000,M,0,0.0,0,2022-01-02 19:20:00.000
VD-41-0020-118-01,3000200011713G,0,1,37.0,1.00000,S,1,37.0,0,2022-01-02 19:20:00.000
VD-41-0020-118-01,3000200011713G,0,1,37.0,1.00000,L,1,37.0,0,2022-01-02 19:20:00.000
VD-41-0020-118-01,3000200011713G,0,1,37.0,1.00000,T,0,0.0,0,2022-01-02 19:20:00.000
VD-41-0020-118-01,3000200111713G,0,1,56.0,1.00000,M,0,0.0,0,2022-01-02 19:20:00.000
VD-41-0020-118-01,3000200111713G,0,1,56.0,1.00000,S,0,0.0,0,2022-01-02 19:20:00.000
VD-41-0020-118-01,3000200111713G,0,1,56.0,1.00000,L,1,56.0,0,2022-01-02 19:20:00.000
VD-41-0020-118-01,3000200111713G,0,1,56.0,1.00000,T,0,0.0,0,2022-01-02 19:20:00.000
VD-41-0020-114-02,3000200111409G,0,1,80.0,2.00000,M,0,0.0,0,2022-01-02 19:20:00.000
VD-41-0020-114-02,3000200111409G,0,1,80.0,2.00000,S,2,80.0,0,2022-01-02 19:20:00.000
VD-41-0020-114-02,3000200111409G,0,1,80.0,2.00000,L,1,80.0,0,2022-01-02 19:20:00.000
VD-41-0020-114-02,3000200111409G,0,1,80.0,2.00000,T,0,0.0,0,2022-01-02 19:20:00.000
VD-41-0020-114-02,3000200011409G,0,1,54.0,1.00000,M,0,0.0,0,2022-01-02 19:20:00.000
VD-41-0020-114-02,3000200011409G,0,1,54.0,1.00000,S,1,54.0,0,2022-01-02 19:20:00.000
VD-41-0020-114-02,3000200011409G,0,1,54.0,1.00000,L,0,0.0,0,2022-01-02 19:20:00.000
VD-41-0020-114-02,3000200011409G,0,1,54.0,1.00000,T,0,0.0,0,2022-01-02 19:20:00.000
VD-41-0020-114-01,3000200111409G,0,1,72.0,1.00000,M,0,0.0,0,2022-01-02 19:20:00.000
VD-41-0020-114-01,3000200111409G,0,1,72.0,1.00000,S,0,0.0,0,2022-01-02 19:20:00.000
VD-41-0020-114-01,3000200111409G,0,1,72.0,1.00000,L,1,72.0,0,2022-01-02 19:20:00.000
VD-41-0020-114-01,3000200111409G,0,1,72.0,1.00000,T,0,0.0,0,2022-01-02 19:20:00.000
VD-41-0020-114-01,3000200011409G,0,1,53.0,2.00000,M,0,0.0,0,2022-01-02 19:20:00.000
VD-41-0020-114-01,3000200011409G,0,1,53.0,2.00000,S,2,53.0,0,2022-01-02 19:20:00.000
VD-41-0020-114-01,3000200011409G,0,1,53.0,2.00000,L,1,53.0,0,2022-01-02 19:20:00.000
VD-41-0020-114-01,3000200011409G,0,1,53.0,2.00000,T,0,0.0,0,2022-01-02 19:20:00.000
VD-41-0020-141-01,3000200014136G,0,1,57.0,2.00000,M,0,0.0,0,2022-01-02 19:20:00.000
VD-41-0020-141-01,3000200014136G,0,1,57.0,2.00000,S,0,0.0,0,2022-01-02 19:20:00.000
VD-41-0020-141-01,3000200014136G,0,1,57.0,2.00000,L,1,57.0,0,2022-01-02 19:20:00.000
VD-41-0020-141-01,3000200014136G,0,1,57.0,2.00000,T,0,0.0,0,2022-01-02 19:20:00.000
VD-41-0020-141-01,3000200114136G,0,1,0.0,0.00000,M,0,0.0,0,2022-01-02 19:20:00.000
VD-41-0020-141-01,3000200114136G,0,1,0.0,0.00000,S,0,0.0,0,2022-01-02 19:20:00.000
VD-41-0020-141-01,3000200114136G,0,1,0.0,0.00000,L,0,0.0,0,2022-01-02 19:20:00.000
VD-41-0020-141-01,3000200114136G,0,1,0.0,0.00000,T,0,0.0,0,2022-01-02 19:20:00.000
VD-41-0020-149-01,3000200114812G,0,1,0.0,0.00000,M,0,0.0,0,2022-01-02 19:20:00.000
VD-41-0020-149-01,3000200114812G,0,1,0.0,0.00000,S,0,0.0,0,2022-01-02 19:20:00.000
VD-41-0020-149-01,3000200114812G,0,1,0.0,0.00000,L,0,0.0,0,2022-01-02 19:20:00.000
VD-41-0020-149-01,3000200114812G,0,1,0.0,0.00000,T,0,0.0,0,2022-01-02 19:20:00.000
VD-41-0020-149-01,3000200014812G,0,1,43.0,1.00000,M,0,0.0,0,2022-01-02 19:20:00.000
VD-41-0020-149-01,3000200014812G,0,1,43.0,1.00000,S,2,43.0,0,2022-01-02 19:20:00.000
VD-41-0020-149-01,3000200014812G,0,1,43.0,1.00000,L,0,0.0,0,2022-01-02 19:20:00.000
VD-41-0020-149-01,3000200014812G,0,1,43.0,1.00000,T,0,0.0,0,2022-01-02 19:20:00.000
VD-41-0020-151-01,3000200015105G,0,1,57.0,1.00000,M,0,0.0,0,2022-01-02 19:20:00.000
VD-41-0020-151-01,3000200015105G,0,1,57.0,1.00000,S,3,57.0,0,2022-01-02 19:20:00.000
VD-41-0020-151-01,3000200015105G,0,1,57.0,1.00000,L,0,0.0,0,2022-01-02 19:20:00.000
VD-41-0020-151-01,3000200015105G,0,1,57.0,1.00000,T,0,0.0,0,2022-01-02 19:20:00.000
VD-41-0020-151-01,3000200115105G,0,1,57.0,1.00000,M,0,0.0,0,2022-01-02 19:20:00.000
VD-41-0020-151-01,3000200115105G,0,1,57.0,1.00000,S,2,57.0,0,2022-01-02 19:20:00.000
VD-41-0020-151-01,3000200115105G,0,1,57.0,1.00000,L,0,0.0,0,2022-01-02 19:20:00.000
VD-41-0020-151-01,3000200115105G,0,1,57.0,1.00000,T,0,0.0,0,2022-01-02 19:20:00.000
VD-41-0020-155-01,3000200015454G,0,1,0.0,0.00000,M,0,0.0,0,2022-01-02 19:20:00.000
VD-41-0020-155-01,3000200015454G,0,1,0.0,0.00000,S,0,0.0,0,2022-01-02 19:20:00.000
VD-41-0020-155-01,3000200015454G,0,1,0.0,0.00000,L,0,0.0,0,2022-01-02 19:20:00.000
VD-41-0020-155-01,3000200015454G,0,1,0.0,0.00000,T,0,0.0,0,2022-01-02 19:20:00.000
VD-41-0020-155-01,3000200015454G,1,1,57.0,1.00000,M,0,0.0,0,2022-01-02 19:20:00.000
VD-41-0020-155-01,3000200015454G,1,1,57.0,1.00000,S,1,57.0,0,2022-01-02 19:20:00.000
VD-41-0020-155-01,3000200015454G,1,1,57.0,1.00000,L,0,0.0,0,2022-01-02 19:20:00.000
VD-41-0020-155-01,3000200015454G,1,1,57.0,1.00000,T,0,0.0,0,2022-01-02 19:20:00.000
VD-41-0020-155-01,3000200115455G,0,1,45.0,4.00000,M,0,0.0,0,2022-01-02 19:20:00.000
VD-41-0020-155-01,3000200115455G,0,1,45.0,4.00000,S,4,45.0,0,2022-01-02 19:20:00.000
VD-41-0020-155-01,3000200115455G,0,1,45.0,4.00000,L,1,45.0,0,2022-01-02 19:20:00.000
VD-41-0020-155-01,3000200115455G,0,1,45.0,4.00000,T,0,0.0,0,2022-01-02 19:20:00.000
VD-41-0020-155-01,3000200115455G,1,1,57.0,2.00000,M,0,0.0,0,2022-01-02 19:20:00.000
VD-41-0020-155-01,3000200115455G,1,1,57.0,2.00000,S,4,57.0,0,2022-01-02 19:20:00.000
VD-41-0020-155-01,3000200115455G,1,1,57.0,2.00000,L,0,0.0,0,2022-01-02 19:20:00.000
VD-41-0020-155-01,3000200115455G,1,1,57.0,2.00000,T,0,0.0,0,2022-01-02 19:20:00.000
VD-41-0020-157-01,3000200115668G,0,1,69.0,1.00000,M,0,0.0,0,2022-01-02 19:20:00.000
VD-41-0020-157-01,3000200115668G,0,1,69.0,1.00000,S,0,0.0,0,2022-01-02 19:20:00.000
VD-41-0020-157-01,3000200115668G,0,1,69.0,1.00000,L,1,69.0,0,2022-01-02 19:20:00.000
VD-41-0020-157-01,3000200115668G,0,1,69.0,1.00000,T,0,0.0,0,2022-01-02 19:20:00.000
VD-41-0020-157-01,3000200115668G,1,1,0.0,0.00000,M,0,0.0,0,2022-01-02 19:20:00.000
VD-41-0020-157-01,3000200115668G,1,1,0.0,0.00000,S,0,0.0,0,2022-01-02 19:20:00.000
VD-41-0020-157-01,3000200115668G,1,1,0.0,0.00000,L,0,0.0,0,2022-01-02 19:20:00.000
VD-41-0020-157-01,3000200115668G,1,1,0.0,0.00000,T,0,0.0,0,2022-01-02 19:20:00.000
VD-41-0020-157-01,3000200015669G,0,1,0.0,0.00000,M,0,0.0,0,2022-01-02 19:20:00.000
VD-41-0020-157-01,3000200015669G,0,1,0.0,0.00000,S,0,0.0,0,2022-01-02 19:20:00.000
VD-41-0020-157-01,3000200015669G,0,1,0.0,0.00000,L,0,0.0,0,2022-01-02 19:20:00.000
VD-41-0020-157-01,3000200015669G,0,1,0.0,0.00000,T,0,0.0,0,2022-01-02 19:20:00.000
VD-41-0020-157-01,3000200015669G,1,1,0.0,0.00000,M,0,0.0,0,2022-01-02 19:20:00.000
VD-41-0020-157-01,3000200015669G,1,1,0.0,0.00000,S,0,0.0,0,2022-01-02 19:20:00.000
VD-41-0020-157-01,3000200015669G,1,1,0.0,0.00000,L,0,0.0,0,2022-01-02 19:20:00.000
VD-41-0020-157-01,3000200015669G,1,1,0.0,0.00000,T,0,0.0,0,2022-01-02 19:20:00.000
VD-42-0020-158-01,3000200015850G,0,1,0.0,0.00000,M,0,0.0,0,2022-01-02 19:20:00.000
VD-42-0020-158-01,3000200015850G,0,1,0.0,0.00000,S,0,0.0,0,2022-01-02 19:20:00.000
VD-42-0020-158-01,3000200015850G,0,1,0.0,0.00000,L,0,0.0,0,2022-01-02 19:20:00.000
VD-42-0020-158-01,3000200015850G,0,1,0.0,0.00000,T,0,0.0,0,2022-01-02 19:20:00.000
VD-42-0020-158-01,3000200015850G,1,1,0.0,0.00000,M,0,0.0,0,2022-01-02 19:20:00.000
VD-42-0020-158-01,3000200015850G,1,1,0.0,0.00000,S,0,0.0,0,2022-01-02 19:20:00.000
VD-42-0020-158-01,3000200015850G,1,1,0.0,0.00000,L,0,0.0,0,2022-01-02 19:20:00.000
VD-42-0020-158-01,3000200015850G,1,1,0.0,0.00000,T,0,0.0,0,2022-01-02 19:20:00.000
VD-42-0020-158-01,3000200115850G,0,1,54.0,2.00000,M,0,0.0,0,2022-01-02 19:20:00.000
VD-42-0020-158-01,3000200115850G,0,1,54.0,2.00000,S,1,54.0,0,2022-01-02 19:20:00.000
VD-42-0020-158-01,3000200115850G,0,1,54.0,2.00000,L,1,54.0,0,2022-01-02 19:20:00.000
VD-42-0020-158-01,3000200115850G,0,1,54.0,2.00000,T,0,0.0,0,2022-01-02 19:20:00.000
VD-42-0020-158-01,3000200115850G,1,1,49.0,0.00000,M,0,0.0,0,2022-01-02 19:20:00.000
VD-42-0020-158-01,3000200115850G,1,1,49.0,0.00000,S,2,49.0,0,2022-01-02 19:20:00.000
VD-42-0020-158-01,3000200115850G,1,1,49.0,0.00000,L,0,0.0,0,2022-01-02 19:20:00.000
VD-42-0020-158-01,3000200115850G,1,1,49.0,0.00000,T,0,0.0,0,2022-01-02 19:20:00.000
VD-42-0020-161-02,3000200016160G,0,1,0.0,0.00000,M,0,0.0,0,2022-01-02 19:20:00.000
VD-42-0020-161-02,3000200016160G,0,1,0.0,0.00000,S,0,0.0,0,2022-01-02 19:20:00.000
VD-42-0020-161-02,3000200016160G,0,1,0.0,0.00000,L,0,0.0,0,2022-01-02 19:20:00.000
VD-42-0020-161-02,3000200016160G,0,1,0.0,0.00000,T,0,0.0,0,2022-01-02 19:20:00.000
VD-42-0020-161-02,3000200016160G,1,1,56.0,1.00000,M,0,0.0,0,2022-01-02 19:20:00.000
VD-42-0020-161-02,3000200016160G,1,1,56.0,1.00000,S,4,56.0,0,2022-01-02 19:20:00.000
VD-42-0020-161-02,3000200016160G,1,1,56.0,1.00000,L,0,0.0,0,2022-01-02 19:20:00.000
VD-42-0020-161-02,3000200016160G,1,1,56.0,1.00000,T,0,0.0,0,2022-01-02 19:20:00.000
VD-42-0020-161-02,3000200116160G,0,1,57.0,3.00000,M,0,0.0,0,2022-01-02 19:20:00.000
VD-42-0020-161-02,3000200116160G,0,1,57.0,3.00000,S,1,57.0,0,2022-01-02 19:20:00.000
VD-42-0020-161-02,3000200116160G,0,1,57.0,3.00000,L,2,57.0,0,2022-01-02 19:20:00.000
VD-42-0020-161-02,3000200116160G,0,1,57.0,3.00000,T,0,0.0,0,2022-01-02 19:20:00.000
VD-42-0020-161-02,3000200116160G,1,1,59.0,1.00000,M,0,0.0,0,2022-01-02 19:20:00.000
VD-42-0020-161-02,3000200116160G,1,1,59.0,1.00000,S,2,59.0,0,2022-01-02 19:20:00.000
VD-42-0020-161-02,3000200116160G,1,1,59.0,1.00000,L,0,0.0,0,2022-01-02 19:20:00.000
VD-42-0020-161-02,3000200116160G,1,1,59.0,1.00000,T,0,0.0,0,2022-01-02 19:20:00.000
VD-42-0020-164-01,3000200016447G,0,1,0.0,0.00000,M,0,0.0,0,2022-01-02 19:20:00.000
VD-42-0020-164-01,3000200016447G,0,1,0.0,0.00000,S,0,0.0,0,2022-01-02 19:20:00.000
VD-42-0020-164-01,3000200016447G,0,1,0.0,0.00000,L,0,0.0,0,2022-01-02 19:20:00.000
VD-42-0020-164-01,3000200016447G,0,1,0.0,0.00000,T,0,0.0,0,2022-01-02 19:20:00.000
VD-42-0020-164-01,3000200016447G,1,1,0.0,0.00000,M,0,0.0,0,2022-01-02 19:20:00.000
VD-42-0020-164-01,3000200016447G,1,1,0.0,0.00000,S,0,0.0,0,2022-01-02 19:20:00.000
VD-42-0020-164-01,3000200016447G,1,1,0.0,0.00000,L,0,0.0,0,2022-01-02 19:20:00.000
VD-42-0020-164-01,3000200016447G,1,1,0.0,0.00000,T,0,0.0,0,2022-01-02 19:20:00.000
VD-42-0020-164-01,3000200116447G,0,1,53.0,2.00000,M,0,0.0,0,2022-01-02 19:20:00.000
VD-42-0020-164-01,3000200116447G,0,1,53.0,2.00000,S,6,54.0,0,2022-01-02 19:20:00.000
VD-42-0020-164-01,3000200116447G,0,1,53.0,2.00000,L,0,0.0,0,2022-01-02 19:20:00.000
VD-42-0020-164-01,3000200116447G,0,1,53.0,2.00000,T,0,0.0,0,2022-01-02 19:20:00.000
VD-42-0020-164-01,3000200116447G,1,1,59.0,1.00000,M,0,0.0,0,2022-01-02 19:20:00.000
VD-42-0020-164-01,3000200116447G,1,1,59.0,1.00000,S,3,59.0,0,2022-01-02 19:20:00.000
VD-42-0020-164-01,3000200116447G,1,1,59.0,1.00000,L,0,0.0,0,2022-01-02 19:20:00.000
VD-42-0020-164-01,3000200116447G,1,1,59.0,1.00000,T,0,0.0,0,2022-01-02 19:20:00.000
VD-42-0020-166-01,3000200116606G,0,1,41.0,1.00000,M,0,0.0,0,2022-01-02 19:20:00.000
VD-42-0020-166-01,3000200116606G,0,1,41.0,1.00000,S,2,41.0,0,2022-01-02 19:20:00.000
VD-42-0020-166-01,3000200116606G,0,1,41.0,1.00000,L,0,0.0,0,2022-01-02 19:20:00.000
VD-42-0020-166-01,3000200116606G,0,1,41.0,1.00000,T,0,0.0,0,2022-01-02 19:20:00.000
VD-42-0020-166-01,3000200116606G,1,1,24.0,2.00000,M,0,0.0,0,2022-01-02 19:20:00.000
VD-42-0020-166-01,3000200116606G,1,1,24.0,2.00000,S,1,24.0,0,2022-01-02 19:20:00.000
VD-42-0020-166-01,3000200116606G,1,1,24.0,2.00000,L,0,0.0,0,2022-01-02 19:20:00.000
VD-42-0020-166-01,3000200116606G,1,1,24.0,2.00000,T,0,0.0,0,2022-01-02 19:20:00.000
VD-42-0020-167-01,3000200116721G,0,1,61.0,3.00000,M,0,0.0,0,2022-01-02 19:20:00.000
VD-42-0020-167-01,3000200116721G,0,1,61.0,3.00000,S,2,61.0,0,2022-01-02 19:20:00.000
VD-42-0020-167-01,3000200116721G,0,1,61.0,3.00000,L,0,0.0,0,2022-01-02 19:20:00.000
VD-42-0020-167-01,3000200116721G,0,1,61.0,3.00000,T,0,0.0,0,2022-01-02 19:20:00.000
VD-42-0020-167-01,3000200116721G,1,1,0.0,0.00000,M,0,0.0,0,2022-01-02 19:20:00.000
VD-42-0020-167-01,3000200116721G,1,1,0.0,0.00000,S,0,0.0,0,2022-01-02 19:20:00.000
VD-42-0020-167-01,3000200116721G,1,1,0.0,0.00000,L,0,0.0,0,2022-01-02 19:20:00.000
VD-42-0020-167-01,3000200116721G,1,1,0.0,0.00000,T,0,0.0,0,2022-01-02 19:20:00.000
VD-42-002E-007-02,3000250100765G,0,1,43.0,0.00000,M,0,0.0,0,2022-01-02 19:20:00.000
VD-42-002E-007-02,3000250100765G,0,1,43.0,0.00000,S,1,43.0,0,2022-01-02 19:20:00.000
VD-42-002E-007-02,3000250100765G,0,1,43.0,0.00000,L,0,0.0,0,2022-01-02 19:20:00.000
VD-42-002E-007-02,3000250100765G,0,1,43.0,0.00000,T,0,0.0,0,2022-01-02 19:20:00.000
VD-42-002E-007-02,3000250100765G,1,1,43.0,1.00000,M,0,0.0,0,2022-01-02 19:20:00.000
VD-42-002E-007-02,3000250100765G,1,1,43.0,1.00000,S,2,42.0,0,2022-01-02 19:20:00.000
VD-42-002E-007-02,3000250100765G,1,1,43.0,1.00000,L,0,0.0,0,2022-01-02 19:20:00.000
VD-42-002E-007-02,3000250100765G,1,1,43.0,1.00000,T,0,0.0,0,2022-01-02 19:20:00.000
VD-42-002E-007-01,3000250100724G,0,1,0.0,0.00000,M,0,0.0,0,2022-01-02 19:20:00.000
VD-42-002E-007-01,3000250100724G,0,1,0.0,0.00000,S,0,0.0,0,2022-01-02 19:20:00.000
VD-42-002E-007-01,3000250100724G,0,1,0.0,0.00000,L,0,0.0,0,2022-01-02 19:20:00.000
VD-42-002E-007-01,3000250100724G,0,1,0.0,0.00000,T,0,0.0,0,2022-01-02 19:20:00.000
VD-42-002E-007-01,3000250100724G,1,1,57.0,1.00000,M,0,0.0,0,2022-01-02 19:20:00.000
VD-42-002E-007-01,3000250100724G,1,1,57.0,1.00000,S,2,57.0,0,2022-01-02 19:20:00.000
VD-42-002E-007-01,3000250100724G,1,1,57.0,1.00000,L,0,0.0,0,2022-01-02 19:20:00.000
VD-42-002E-007-01,3000250100724G,1,1,57.0,1.00000,T,0,0.0,0,2022-01-02 19:20:00.000
VD-41-002E-000-01,3000250100000G,0,1,38.0,0.00000,M,0,0.0,0,2022-01-02 19:20:00.000
VD-41-002E-000-01,3000250100000G,0,1,38.0,0.00000,S,1,38.0,0,2022-01-02 19:20:00.000
VD-41-002E-000-01,3000250100000G,0,1,38.0,0.00000,L,0,0.0,0,2022-01-02 19:20:00.000
VD-41-002E-000-01,3000250100000G,0,1,38.0,0.00000,T,0,0.0,0,2022-01-02 19:20:00.000
VD-41-002E-000-01,3000250000000G,0,1,0.0,0.00000,M,0,0.0,0,2022-01-02 19:20:00.000
VD-41-002E-000-01,3000250000000G,0,1,0.0,0.00000,S,0,0.0,0,2022-01-02 19:20:00.000
VD-41-002E-000-01,3000250000000G,0,1,0.0,0.00000,L,0,0.0,0,2022-01-02 19:20:00.000
VD-41-002E-000-01,3000250000000G,0,1,0.0,0.00000,T,0,0.0,0,2022-01-02 19:20:00.000
VD-41-002E-002-01,3000250100187G,0,1,56.0,1.00000,M,0,0.0,0,2022-01-02 19:20:00.000
VD-41-002E-002-01,3000250100187G,0,1,56.0,1.00000,S,3,56.0,0,2022-01-02 19:20:00.000
VD-41-002E-002-01,3000250100187G,0,1,56.0,1.00000,L,0,0.0,0,2022-01-02 19:20:00.000
VD-41-002E-002-01,3000250100187G,0,1,56.0,1.00000,T,0,0.0,0,2022-01-02 19:20:00.000
VD-41-002E-002-01,3000250000187G,0,1,46.0,3.00000,M,0,0.0,0,2022-01-02 19:20:00.000
VD-41-002E-002-01,3000250000187G,0,1,46.0,3.00000,S,5,46.0,0,2022-01-02 19:20:00.000
VD-41-002E-002-01,3000250000187G,0,1,46.0,3.00000,L,1,46.0,0,2022-01-02 19:20:00.000
VD-41-002E-002-01,3000250000187G,0,1,46.0,3.00000,T,0,0.0,0,2022-01-02 19:20:00.000
VD-42-002E-008-01,3000250100765G,0,1,61.0,6.00000,M,0,0.0,0,2022-01-02 19:20:00.000
VD-42-002E-008-01,3000250100765G,0,1,61.0,6.00000,S,12,61.0,0,2022-01-02 19:20:00.000
VD-42-002E-008-01,3000250100765G,0,1,61.0,6.00000,L,0,0.0,0,2022-01-02 19:20:00.000
VD-42-002E-008-01,3000250100765G,0,1,61.0,6.00000,T,0,0.0,0,2022-01-02 19:20:00.000
VD-42-002E-008-01,3000250100765G,1,1,51.0,2.00000,M,0,0.0,0,2022-01-02 19:20:00.000
VD-42-002E-008-01,3000250100765G,1,1,51.0,2.00000,S,5,51.0,0,2022-01-02 19:20:00.000
VD-42-002E-008-01,3000250100765G,1,1,51.0,2.00000,L,0,0.0,0,2022-01-02 19:20:00.000
VD-42-002E-008-01,3000250100765G,1,1,51.0,2.00000,T,0,0.0,0,2022-01-02 19:20:00.000
VD-42-002E-008-01,3000250000765G,0,1,62.0,1.00000,M,0,0.0,0,2022-01-02 19:20:00.000
VD-42-002E-008-01,3000250000765G,0,1,62.0,1.00000,S,2,62.0,0,2022-01-02 19:20:00.000
VD-42-002E-008-01,3000250000765G,0,1,62.0,1.00000,L,0,0.0,0,2022-01-02 19:20:00.000
VD-42-002E-008-01,3000250000765G,0,1,62.0,1.00000,T,0,0.0,0,2022-01-02 19:20:00.000
VD-42-002E-008-01,3000250000765G,1,1,0.0,0.00000,M,0,0.0,0,2022-01-02 19:20:00.000
VD-42-002E-008-01,3000250000765G,1,1,0.0,0.00000,S,0,0.0,0,2022-01-02 19:20:00.000
VD-42-002E-008-01,3000250000765G,1,1,0.0,0.00000,L,0,0.0,0,2022-01-02 19:20:00.000
VD-42-002E-008-01,3000250000765G,1,1,0.0,0.00000,T,0,0.0,0,2022-01-02 19:20:00.000
VD-42-002E-012-01,3000250101126G,0,1,0.0,0.00000,M,0,0.0,0,2022-01-02 19:20:00.000
VD-42-002E-012-01,3000250101126G,0,1,0.0,0.00000,S,0,0.0,0,2022-01-02 19:20:00.000
VD-42-002E-012-01,3000250101126G,0,1,0.0,0.00000,L,0,0.0,0,2022-01-02 19:20:00.000
VD-42-002E-012-01,3000250101126G,0,1,0.0,0.00000,T,0,0.0,0,2022-01-02 19:20:00.000
VD-42-002E-012-01,3000250101126G,1,1,0.0,0.00000,M,0,0.0,0,2022-01-02 19:20:00.000
VD-42-002E-012-01,3000250101126G,1,1,0.0,0.00000,S,0,0.0,0,2022-01-02 19:20:00.000
VD-42-002E-012-01,3000250101126G,1,1,0.0,0.00000,L,0,0.0,0,2022-01-02 19:20:00.000
VD-42-002E-012-01,3000250101126G,1,1,0.0,0.00000,T,0,0.0,0,2022-01-02 19:20:00.000
VD-42-002E-012-01,3000250001124G,0,1,0.0,0.00000,M,0,0.0,0,2022-01-02 19:20:00.000
VD-42-002E-012-01,3000250001124G,0,1,0.0,0.00000,S,0,0.0,0,2022-01-02 19:20:00.000
VD-42-002E-012-01,3000250001124G,0,1,0.0,0.00000,L,0,0.0,0,2022-01-02 19:20:00.000
VD-42-002E-012-01,3000250001124G,0,1,0.0,0.00000,T,0,0.0,0,2022-01-02 19:20:00.000
VD-42-002E-012-01,3000250001124G,1,1,0.0,0.00000,M,0,0.0,0,2022-01-02 19:20:00.000
VD-42-002E-012-01,3000250001124G,1,1,0.0,0.00000,S,0,0.0,0,2022-01-02 19:20:00.000
VD-42-002E-012-01,3000250001124G,1,1,0.0,0.00000,L,0,0.0,0,2022-01-02 19:20:00.000
VD-42-002E-012-01,3000250001124G,1,1,0.0,0.00000,T,0,0.0,0,2022-01-02 19:20:00.000
VD-41-002G-002-01,3000270100185G,0,1,0.0,0.00000,M,0,0.0,0,2022-01-02 19:20:00.000
VD-41-002G-002-01,3000270100185G,0,1,0.0,0.00000,S,0,0.0,0,2022-01-02 19:20:00.000
VD-41-002G-002-01,3000270100185G,0,1,0.0,0.00000,L,0,0.0,0,2022-01-02 19:20:00.000
VD-41-002G-002-01,3000270100185G,0,1,0.0,0.00000,T,0,0.0,0,2022-01-02 19:20:00.000
VD-41-002G-002-01,3000270100185G,1,1,67.0,1.00000,M,0,0.0,0,2022-01-02 19:20:00.000
VD-41-002G-002-01,3000270100185G,1,1,67.0,1.00000,S,1,67.0,0,2022-01-02 19:20:00.000
VD-41-002G-002-01,3000270100185G,1,1,67.0,1.00000,L,0,0.0,0,2022-01-02 19:20:00.000
VD-41-002G-002-01,3000270100185G,1,1,67.0,1.00000,T,0,0.0,0,2022-01-02 19:20:00.000
VD-41-002G-002-01,3000270000183G,0,1,49.0,2.00000,M,0,0.0,0,2022-01-02 19:20:00.000
VD-41-002G-002-01,3000270000183G,0,1,49.0,2.00000,S,5,49.0,0,2022-01-02 19:20:00.000
VD-41-002G-002-01,3000270000183G,0,1,49.0,2.00000,L,0,0.0,0,2022-01-02 19:20:00.000
VD-41-002G-002-01,3000270000183G,0,1,49.0,2.00000,T,0,0.0,0,2022-01-02 19:20:00.000
VD-41-002G-002-01,3000270000183G,1,1,51.0,2.00000,M,0,0.0,0,2022-01-02 19:20:00.000
VD-41-002G-002-01,3000270000183G,1,1,51.0,2.00000,S,6,51.0,0,2022-01-02 19:20:00.000
VD-41-002G-002-01,3000270000183G,1,1,51.0,2.00000,L,0,0.0,0,2022-01-02 19:20:00.000
VD-41-002G-002-01,3000270000183G,1,1,51.0,2.00000,T,0,0.0,0,2022-01-02 19:20:00.000
VD-41-002G-000-01,3000270100083G,0,1,59.0,1.00000,M,0,0.0,0,2022-01-02 19:20:00.000
VD-41-002G-000-01,3000270100083G,0,1,59.0,1.00000,S,3,59.0,0,2022-01-02 19:20:00.000
VD-41-002G-000-01,3000270100083G,0,1,59.0,1.00000,L,0,0.0,0,2022-01-02 19:20:00.000
VD-41-002G-000-01,3000270100083G,0,1,59.0,1.00000,T,0,0.0,0,2022-01-02 19:20:00.000
VD-41-002G-000-01,3000270100083G,1,1,54.0,2.00000,M,0,0.0,0,2022-01-02 19:20:00.000
VD-41-002G-000-01,3000270100083G,1,1,54.0,2.00000,S,4,54.0,0,2022-01-02 19:20:00.000
VD-41-002G-000-01,3000270100083G,1,1,54.0,2.00000,L,0,0.0,0,2022-01-02 19:20:00.000
VD-41-002G-000-01,3000270100083G,1,1,54.0,2.00000,T,0,0.0,0,2022-01-02 19:20:00.000
VD-41-002G-000-01,3000270000083G,0,1,61.0,1.00000,M,0,0.0,0,2022-01-02 19:20:00.000
VD-41-002G-000-01,3000270000083G,0,1,61.0,1.00000,S,3,61.0,0,2022-01-02 19:20:00.000
VD-41-002G-000-01,3000270000083G,0,1,61.0,1.00000,L,0,0.0,0,2022-01-02 19:20:00.000
VD-41-002G-000-01,3000270000083G,0,1,61.0,1.00000,T,0,0.0,0,2022-01-02 19:20:00.000
VD-41-002G-000-01,3000270000083G,1,1,45.0,1.00000,M,0,0.0,0,2022-01-02 19:20:00.000
VD-41-002G-000-01,3000270000083G,1,1,45.0,1.00000,S,1,45.0,0,2022-01-02 19:20:00.000
VD-41-002G-000-01,3000270000083G,1,1,45.0,1.00000,L,0,0.0,0,2022-01-02 19:20:00.000
VD-41-002G-000-01,3000270000083G,1,1,45.0,1.00000,T,0,0.0,0,2022-01-02 19:20:00.000
VD-41-0070-122-01,3000700112257G,0,1,51.0,1.00000,M,0,0.0,0,2022-01-02 19:20:00.000
VD-41-0070-122-01,3000700112257G,0,1,51.0,1.00000,S,3,51.0,0,2022-01-02 19:20:00.000
VD-41-0070-122-01,3000700112257G,0,1,51.0,1.00000,L,0,0.0,0,2022-01-02 19:20:00.000
VD-41-0070-122-01,3000700112257G,0,1,51.0,1.00000,T,0,0.0,0,2022-01-02 19:20:00.000
VD-41-0070-122-01,3000700112257G,1,1,40.0,2.00000,M,0,0.0,0,2022-01-02 19:20:00.000
VD-41-0070-122-01,3000700112257G,1,1,40.0,2.00000,S,5,40.0,0,2022-01-02 19:20:00.000
VD-41-0070-122-01,3000700112257G,1,1,40.0,2.00000,L,0,0.0,0,2022-01-02 19:20:00.000
VD-41-0070-122-01,3000700112257G,1,1,40.0,2.00000,T,0,0.0,0,2022-01-02 19:20:00.000
VD-41-0070-122-01,3000700012257G,0,1,45.0,1.00000,M,0,0.0,0,2022-01-02 19:20:00.000
VD-41-0070-122-01,3000700012257G,0,1,45.0,1.00000,S,1,45.0,0,2022-01-02 19:20:00.000
VD-41-0070-122-01,3000700012257G,0,1,45.0,1.00000,L,0,0.0,0,2022-01-02 19:20:00.000
VD-41-0070-122-01,3000700012257G,0,1,45.0,1.00000,T,0,0.0,0,2022-01-02 19:20:00.000
VD-41-0070-122-01,3000700012257G,1,1,0.0,0.00000,M,0,0.0,0,2022-01-02 19:20:00.000
VD-41-0070-122-01,3000700012257G,1,1,0.0,0.00000,S,0,0.0,0,2022-01-02 19:20:00.000
VD-41-0070-122-01,3000700012257G,1,1,0.0,0.00000,L,0,0.0,0,2022-01-02 19:20:00.000
VD-41-0070-122-01,3000700012257G,1,1,0.0,0.00000,T,0,0.0,0,2022-01-02 19:20:00.000
VD-41-0070-119-01,3000700111911G,0,1,37.0,1.00000,M,0,0.0,0,2022-01-02 19:20:00.000
VD-41-0070-119-01,3000700111911G,0,1,37.0,1.00000,S,1,37.0,0,2022-01-02 19:20:00.000
VD-41-0070-119-01,3000700111911G,0,1,37.0,1.00000,L,0,0.0,0,2022-01-02 19:20:00.000
VD-41-0070-119-01,3000700111911G,0,1,37.0,1.00000,T,0,0.0,0,2022-01-02 19:20:00.000
VD-41-0070-119-01,3000700011911G,0,1,43.0,1.00000,M,0,0.0,0,2022-01-02 19:20:00.000
VD-41-0070-119-01,3000700011911G,0,1,43.0,1.00000,S,2,43.0,0,2022-01-02 19:20:00.000
VD-41-0070-119-01,3000700011911G,0,1,43.0,1.00000,L,0,0.0,0,2022-01-02 19:20:00.000
VD-41-0070-119-01,3000700011911G,0,1,43.0,1.00000,T,0,0.0,0,2022-01-02 19:20:00.000
VD-41-0070-111-01,3000700111066G,0,1,53.0,2.00000,M,0,0.0,0,2022-01-02 19:20:00.000
VD-41-0070-111-01,3000700111066G,0,1,53.0,2.00000,S,1,53.0,0,2022-01-02 19:20:00.000
VD-41-0070-111-01,3000700111066G,0,1,53.0,2.00000,L,1,53.0,0,2022-01-02 19:20:00.000
VD-41-0070-111-01,3000700111066G,0,1,53.0,2.00000,T,0,0.0,0,2022-01-02 19:20:00.000
VD-41-0070-111-01,3000700011066G,0,1,0.0,0.00000,M,0,0.0,0,2022-01-02 19:20:00.000
VD-41-0070-111-01,3000700011066G,0,1,0.0,0.00000,S,0,0.0,0,2022-01-02 19:20:00.000
VD-41-0070-111-01,3000700011066G,0,1,0.0,0.00000,L,0,0.0,0,2022-01-02 19:20:00.000
VD-41-0070-111-01,3000700011066G,0,1,0.0,0.00000,T,0,0.0,0,2022-01-02 19:20:00.000
VD-45-0070-099-01,3000700009861G,0,1,41.0,1.00000,M,0,0.0,0,2022-01-02 19:20:00.000
VD-45-0070-099-01,3000700009861G,0,1,41.0,1.00000,S,3,42.0,0,2022-01-02 19:20:00.000
VD-45-0070-099-01,3000700009861G,0,1,41.0,1.00000,L,0,0.0,0,2022-01-02 19:20:00.000
VD-45-0070-099-01,3000700009861G,0,1,41.0,1.00000,T,0,0.0,0,2022-01-02 19:20:00.000
VD-45-0070-099-01,3000700109861G,0,1,54.0,0.00000,M,0,0.0,0,2022-01-02 19:20:00.000
VD-45-0070-099-01,3000700109861G,0,1,54.0,0.00000,S,1,54.0,0,2022-01-02 19:20:00.000
VD-45-0070-099-01,3000700109861G,0,1,54.0,0.00000,L,0,0.0,0,2022-01-02 19:20:00.000
VD-45-0070-099-01,3000700109861G,0,1,54.0,0.00000,T,0,0.0,0,2022-01-02 19:20:00.000
VD-45-0070-094-01,3000700009269G,0,1,0.0,0.00000,M,0,0.0,0,2022-01-02 19:20:00.000
VD-45-0070-094-01,3000700009269G,0,1,0.0,0.00000,S,0,0.0,0,2022-01-02 19:20:00.000
VD-45-0070-094-01,3000700009269G,0,1,0.0,0.00000,L,0,0.0,0,2022-01-02 19:20:00.000
VD-45-0070-094-01,3000700009269G,0,1,0.0,0.00000,T,0,0.0,0,2022-01-02 19:20:00.000
VD-45-0070-094-01,3000700109269G,0,1,46.0,2.00000,M,0,0.0,0,2022-01-02 19:20:00.000
VD-45-0070-094-01,3000700109269G,0,1,46.0,2.00000,S,2,46.0,0,2022-01-02 19:20:00.000
VD-45-0070-094-01,3000700109269G,0,1,46.0,2.00000,L,0,0.0,0,2022-01-02 19:20:00.000
VD-45-0070-094-01,3000700109269G,0,1,46.0,2.00000,T,0,0.0,0,2022-01-02 19:20:00.000
VD-45-0070-086-01,3000700008663G,0,1,0.0,0.00000,M,0,0.0,0,2022-01-02 19:20:00.000
VD-45-0070-086-01,3000700008663G,0,1,0.0,0.00000,S,0,0.0,0,2022-01-02 19:20:00.000
VD-45-0070-086-01,3000700008663G,0,1,0.0,0.00000,L,0,0.0,0,2022-01-02 19:20:00.000
VD-45-0070-086-01,3000700008663G,0,1,0.0,0.00000,T,0,0.0,0,2022-01-02 19:20:00.000
VD-45-0070-086-01,3000700108663G,0,1,0.0,0.00000,M,0,0.0,0,2022-01-02 19:20:00.000
VD-45-0070-086-01,3000700108663G,0,1,0.0,0.00000,S,0,0.0,0,2022-01-02 19:20:00.000
VD-45-0070-086-01,3000700108663G,0,1,0.0,0.00000,L,0,0.0,0,2022-01-02 19:20:00.000
VD-45-0070-086-01,3000700108663G,0,1,0.0,0.00000,T,0,0.0,0,2022-01-02 19:20:00.000
VD-45-0070-084-01,3000700108463G,0,1,0.0,0.00000,M,0,0.0,0,2022-01-02 19:20:00.000
VD-45-0070-084-01,3000700108463G,0,1,0.0,0.00000,S,0,0.0,0,2022-01-02 19:20:00.000
VD-45-0070-084-01,3000700108463G,0,1,0.0,0.00000,L,0,0.0,0,2022-01-02 19:20:00.000
VD-45-0070-084-01,3000700108463G,0,1,0.0,0.00000,T,0,0.0,0,2022-01-02 19:20:00.000
VD-41-0070-126-01,3000700112634G,0,1,-99.0,-99.00000,M,-99,-99.0,0,2022-01-02 19:20:00.000
VD-41-0070-126-01,3000700112634G,0,1,-99.0,-99.00000,S,-99,-99.0,0,2022-01-02 19:20:00.000
VD-41-0070-126-01,3000700112634G,0,1,-99.0,-99.00000,L,-99,-99.0,0,2022-01-02 19:20:00.000
VD-41-0070-126-01,3000700112634G,0,1,-99.0,-99.00000,T,-99,-99.0,0,2022-01-02 19:20:00.000
VD-41-0070-126-01,3000700112634G,1,1,-99.0,-99.00000,M,-99,-99.0,0,2022-01-02 19:20:00.000
VD-41-0070-126-01,3000700112634G,1,1,-99.0,-99.00000,S,-99,-99.0,0,2022-01-02 19:20:00.000
VD-41-0070-126-01,3000700112634G,1,1,-99.0,-99.00000,L,-99,-99.0,0,2022-01-02 19:20:00.000
VD-41-0070-126-01,3000700112634G,1,1,-99.0,-99.00000,T,-99,-99.0,0,2022-01-02 19:20:00.000
VD-41-0070-126-01,3000700012633G,0,1,-99.0,-99.00000,M,-99,-99.0,0,2022-01-02 19:20:00.000
VD-41-0070-126-01,3000700012633G,0,1,-99.0,-99.00000,S,-99,-99.0,0,2022-01-02 19:20:00.000
VD-41-0070-126-01,3000700012633G,0,1,-99.0,-99.00000,L,-99,-99.0,0,2022-01-02 19:20:00.000
VD-41-0070-126-01,3000700012633G,0,1,-99.0,-99.00000,T,-99,-99.0,0,2022-01-02 19:20:00.000
VD-41-0070-126-01,3000700012633G,1,1,-99.0,-99.00000,M,-99,-99.0,0,2022-01-02 19:20:00.000
VD-41-0070-126-01,3000700012633G,1,1,-99.0,-99.00000,S,-99,-99.0,0,2022-01-02 19:20:00.000
VD-41-0070-126-01,3000700012633G,1,1,-99.0,-99.00000,L,-99,-99.0,0,2022-01-02 19:20:00.000
VD-41-0070-126-01,3000700012633G,1,1,-99.0,-99.00000,T,-99,-99.0,0,2022-01-02 19:20:00.000
VD-45-007A-002-01,3000710100139G,0,1,-99.0,-99.00000,M,-99,-99.0,0,2022-01-02 19:20:00.000
VD-45-007A-002-01,3000710100139G,0,1,-99.0,-99.00000,S,-99,-99.0,0,2022-01-02 19:20:00.000
VD-45-007A-002-01,3000710100139G,0,1,-99.0,-99.00000,L,-99,-99.0,0,2022-01-02 19:20:00.000
VD-45-007A-002-01,3000710100139G,0,1,-99.0,-99.00000,T,-99,-99.0,0,2022-01-02 19:20:00.000
VD-45-007A-002-01,3000710000139G,0,1,-99.0,-99.00000,M,-99,-99.0,0,2022-01-02 19:20:00.000
VD-45-007A-002-01,3000710000139G,0,1,-99.0,-99.00000,S,-99,-99.0,0,2022-01-02 19:20:00.000
VD-45-007A-002-01,3000710000139G,0,1,-99.0,-99.00000,L,-99,-99.0,0,2022-01-02 19:20:00.000
VD-45-007A-002-01,3000710000139G,0,1,-99.0,-99.00000,T,-99,-99.0,0,2022-01-02 19:20:00.000
VD-41-007C-030-01,3000730102966G,0,1,43.0,2.00000,M,0,0.0,0,2022-01-02 19:20:00.000
VD-41-007C-030-01,3000730102966G,0,1,43.0,2.00000,S,4,43.0,0,2022-01-02 19:20:00.000
VD-41-007C-030-01,3000730102966G,0,1,43.0,2.00000,L,0,0.0,0,2022-01-02 19:20:00.000
VD-41-007C-030-01,3000730102966G,0,1,43.0,2.00000,T,0,0.0,0,2022-01-02 19:20:00.000
VD-41-007C-030-01,3000730002966G,0,1,37.0,2.00000,M,0,0.0,0,2022-01-02 19:20:00.000
VD-41-007C-030-01,3000730002966G,0,1,37.0,2.00000,S,6,37.0,0,2022-01-02 19:20:00.000
VD-41-007C-030-01,3000730002966G,0,1,37.0,2.00000,L,0,0.0,0,2022-01-02 19:20:00.000
VD-41-007C-030-01,3000730002966G,0,1,37.0,2.00000,T,0,0.0,0,2022-01-02 19:20:00.000
VD-41-007C-027-01,3000730002684G,0,1,-99.0,-99.00000,M,-99,-99.0,0,2022-01-02 19:20:00.000
VD-41-007C-027-01,3000730002684G,0,1,-99.0,-99.00000,S,-99,-99.0,0,2022-01-02 19:20:00.000
VD-41-007C-027-01,3000730002684G,0,1,-99.0,-99.00000,L,-99,-99.0,0,2022-01-02 19:20:00.000
VD-41-007C-027-01,3000730002684G,0,1,-99.0,-99.00000,T,-99,-99.0,0,2022-01-02 19:20:00.000
VD-41-007C-027-01,3000730102684G,0,1,-99.0,-99.00000,M,-99,-99.0,0,2022-01-02 19:20:00.000
VD-41-007C-027-01,3000730102684G,0,1,-99.0,-99.00000,S,-99,-99.0,0,2022-01-02 19:20:00.000
VD-41-007C-027-01,3000730102684G,0,1,-99.0,-99.00000,L,-99,-99.0,0,2022-01-02 19:20:00.000
VD-41-007C-027-01,3000730102684G,0,1,-99.0,-99.00000,T,-99,-99.0,0,2022-01-02 19:20:00.000
VD-41-007C-024-01,3000730002434G,0,1,37.0,6.00000,M,0,0.0,0,2022-01-02 19:20:00.000
VD-41-007C-024-01,3000730002434G,0,1,37.0,6.00000,S,3,37.0,0,2022-01-02 19:20:00.000
VD-41-007C-024-01,3000730002434G,0,1,37.0,6.00000,L,1,37.0,0,2022-01-02 19:20:00.000
VD-41-007C-024-01,3000730002434G,0,1,37.0,6.00000,T,0,0.0,0,2022-01-02 19:20:00.000
VD-41-007C-024-01,3000730102434G,0,1,38.0,3.00000,M,0,0.0,0,2022-01-02 19:20:00.000
VD-41-007C-024-01,3000730102434G,0,1,38.0,3.00000,S,5,38.0,0,2022-01-02 19:20:00.000
VD-41-007C-024-01,3000730102434G,0,1,38.0,3.00000,L,0,0.0,0,2022-01-02 19:20:00.000
VD-41-007C-024-01,3000730102434G,0,1,38.0,3.00000,T,0,0.0,0,2022-01-02 19:20:00.000
VD-41-007C-023-01,3000730002339G,0,1,33.0,3.00000,M,0,0.0,0,2022-01-02 19:20:00.000
VD-41-007C-023-01,3000730002339G,0,1,33.0,3.00000,S,4,30.0,0,2022-01-02 19:20:00.000
VD-41-007C-023-01,3000730002339G,0,1,33.0,3.00000,L,0,0.0,0,2022-01-02 19:20:00.000
VD-41-007C-023-01,3000730002339G,0,1,33.0,3.00000,T,0,0.0,0,2022-01-02 19:20:00.000
VD-41-007C-023-01,3000730102339G,0,1,46.0,2.00000,M,0,0.0,0,2022-01-02 19:20:00.000
VD-41-007C-023-01,3000730102339G,0,1,46.0,2.00000,S,4,44.0,0,2022-01-02 19:20:00.000
VD-41-007C-023-01,3000730102339G,0,1,46.0,2.00000,L,0,0.0,0,2022-01-02 19:20:00.000
VD-41-007C-023-01,3000730102339G,0,1,46.0,2.00000,T,0,0.0,0,2022-01-02 19:20:00.000
VD-45-007C-006-01,3000730100662G,0,1,0.0,0.00000,M,0,0.0,0,2022-01-02 19:20:00.000
VD-45-007C-006-01,3000730100662G,0,1,0.0,0.00000,S,0,0.0,0,2022-01-02 19:20:00.000
VD-45-007C-006-01,3000730100662G,0,1,0.0,0.00000,L,0,0.0,0,2022-01-02 19:20:00.000
VD-45-007C-006-01,3000730100662G,0,1,0.0,0.00000,T,0,0.0,0,2022-01-02 19:20:00.000
VD-45-007C-006-01,3000730000662G,0,1,0.0,0.00000,M,0,0.0,0,2022-01-02 19:20:00.000
VD-45-007C-006-01,3000730000662G,0,1,0.0,0.00000,S,0,0.0,0,2022-01-02 19:20:00.000
VD-45-007C-006-01,3000730000662G,0,1,0.0,0.00000,L,0,0.0,0,2022-01-02 19:20:00.000
VD-45-007C-006-01,3000730000662G,0,1,0.0,0.00000,T,0,0.0,0,2022-01-02 19:20:00.000
VD-45-007C-011-01,3000730001060G,0,1,48.0,1.00000,M,0,0.0,0,2022-01-02 19:20:00.000
VD-45-007C-011-01,3000730001060G,0,1,48.0,1.00000,S,3,48.0,0,2022-01-02 19:20:00.000
VD-45-007C-011-01,3000730001060G,0,1,48.0,1.00000,L,0,0.0,0,2022-01-02 19:20:00.000
VD-45-007C-011-01,3000730001060G,0,1,48.0,1.00000,T,0,0.0,0,2022-01-02 19:20:00.000
VD-45-007C-011-01,3000730101060G,0,1,0.0,0.00000,M,0,0.0,0,2022-01-02 19:20:00.000
VD-45-007C-011-01,3000730101060G,0,1,0.0,0.00000,S,0,0.0,0,2022-01-02 19:20:00.000
VD-45-007C-011-01,3000730101060G,0,1,0.0,0.00000,L,0,0.0,0,2022-01-02 19:20:00.000
VD-45-007C-011-01,3000730101060G,0,1,0.0,0.00000,T,0,0.0,0,2022-01-02 19:20:00.000
VD-45-007C-014-01,3000730101431G,0,1,31.0,2.00000,M,0,0.0,0,2022-01-02 19:20:00.000
VD-45-007C-014-01,3000730101431G,0,1,31.0,2.00000,S,2,31.0,0,2022-01-02 19:20:00.000
VD-45-007C-014-01,3000730101431G,0,1,31.0,2.00000,L,1,31.0,0,2022-01-02 19:20:00.000
VD-45-007C-014-01,3000730101431G,0,1,31.0,2.00000,T,0,0.0,0,2022-01-02 19:20:00.000
VD-45-007C-014-01,3000730001431G,0,1,56.0,4.00000,M,0,0.0,0,2022-01-02 19:20:00.000
VD-45-007C-014-01,3000730001431G,0,1,56.0,4.00000,S,3,56.0,0,2022-01-02 19:20:00.000
VD-45-007C-014-01,3000730001431G,0,1,56.0,4.00000,L,2,56.0,0,2022-01-02 19:20:00.000
VD-45-007C-014-01,3000730001431G,0,1,56.0,4.00000,T,0,0.0,0,2022-01-02 19:20:00.000
VD-41-007C-029-01,3000730102930G,0,1,46.0,2.00000,M,0,0.0,0,2022-01-02 19:20:00.000
VD-41-007C-029-01,3000730102930G,0,1,46.0,2.00000,S,5,46.0,0,2022-01-02 19:20:00.000
VD-41-007C-029-01,3000730102930G,0,1,46.0,2.00000,L,0,0.0,0,2022-01-02 19:20:00.000
VD-41-007C-029-01,3000730102930G,0,1,46.0,2.00000,T,0,0.0,0,2022-01-02 19:20:00.000
VD-41-007C-029-01,3000730002930G,0,1,46.0,3.00000,M,0,0.0,0,2022-01-02 19:20:00.000
VD-41-007C-029-01,3000730002930G,0,1,46.0,3.00000,S,7,46.0,0,2022-01-02 19:20:00.000
VD-41-007C-029-01,3000730002930G,0,1,46.0,3.00000,L,0,0.0,0,2022-01-02 19:20:00.000
VD-41-007C-029-01,3000730002930G,0,1,46.0,3.00000,T,0,0.0,0,2022-01-02 19:20:00.000
VD-41-007D-010-01,3000740001035G,0,1,49.0,0.00000,M,0,0.0,0,2022-01-02 19:20:00.000
VD-41-007D-010-01,3000740001035G,0,1,49.0,0.00000,S,3,49.0,0,2022-01-02 19:20:00.000
VD-41-007D-010-01,3000740001035G,0,1,49.0,0.00000,L,0,0.0,0,2022-01-02 19:20:00.000
VD-41-007D-010-01,3000740001035G,0,1,49.0,0.00000,T,0,0.0,0,2022-01-02 19:20:00.000
VD-41-007D-010-01,3000740001035G,1,1,0.0,0.00000,M,0,0.0,0,2022-01-02 19:20:00.000
VD-41-007D-010-01,3000740001035G,1,1,0.0,0.00000,S,0,0.0,0,2022-01-02 19:20:00.000
VD-41-007D-010-01,3000740001035G,1,1,0.0,0.00000,L,0,0.0,0,2022-01-02 19:20:00.000
VD-41-007D-010-01,3000740001035G,1,1,0.0,0.00000,T,0,0.0,0,2022-01-02 19:20:00.000
VD-41-007D-010-01,3000740101035G,0,1,0.0,0.00000,M,0,0.0,0,2022-01-02 19:20:00.000
VD-41-007D-010-01,3000740101035G,0,1,0.0,0.00000,S,0,0.0,0,2022-01-02 19:20:00.000
VD-41-007D-010-01,3000740101035G,0,1,0.0,0.00000,L,0,0.0,0,2022-01-02 19:20:00.000
VD-41-007D-010-01,3000740101035G,0,1,0.0,0.00000,T,0,0.0,0,2022-01-02 19:20:00.000
VD-41-007D-010-01,3000740101035G,1,1,0.0,0.00000,M,0,0.0,0,2022-01-02 19:20:00.000
VD-41-007D-010-01,3000740101035G,1,1,0.0,0.00000,S,0,0.0,0,2022-01-02 19:20:00.000
VD-41-007D-010-01,3000740101035G,1,1,0.0,0.00000,L,0,0.0,0,2022-01-02 19:20:00.000
VD-41-007D-010-01,3000740101035G,1,1,0.0,0.00000,T,0,0.0,0,2022-01-02 19:20:00.000
VD-41-007D-015-01,3000740001495G,0,1,57.0,1.00000,M,0,0.0,0,2022-01-02 19:20:00.000
VD-41-007D-015-01,3000740001495G,0,1,57.0,1.00000,S,1,57.0,0,2022-01-02 19:20:00.000
VD-41-007D-015-01,3000740001495G,0,1,57.0,1.00000,L,0,0.0,0,2022-01-02 19:20:00.000
VD-41-007D-015-01,3000740001495G,0,1,57.0,1.00000,T,0,0.0,0,2022-01-02 19:20:00.000
VD-41-007D-015-01,3000740101495G,0,1,40.0,2.00000,M,0,0.0,0,2022-01-02 19:20:00.000
VD-41-007D-015-01,3000740101495G,0,1,40.0,2.00000,S,4,40.0,0,2022-01-02 19:20:00.000
VD-41-007D-015-01,3000740101495G,0,1,40.0,2.00000,L,0,0.0,0,2022-01-02 19:20:00.000
VD-41-007D-015-01,3000740101495G,0,1,40.0,2.00000,T,0,0.0,0,2022-01-02 19:20:00.000
VD-44-0080-167-01,3000800116813U,0,1,40.0,1.00000,M,0,0.0,0,2022-01-02 19:20:00.000
VD-44-0080-167-01,3000800116813U,0,1,40.0,1.00000,S,1,40.0,0,2022-01-02 19:20:00.000
VD-44-0080-167-01,3000800116813U,0,1,40.0,1.00000,L,0,0.0,0,2022-01-02 19:20:00.000
VD-44-0080-167-01,3000800116813U,0,1,40.0,1.00000,T,0,0.0,0,2022-01-02 19:20:00.000
VD-44-0080-167-01,3000800016813U,0,1,0.0,0.00000,M,0,0.0,0,2022-01-02 19:20:00.000
VD-44-0080-167-01,3000800016813U,0,1,0.0,0.00000,S,0,0.0,0,2022-01-02 19:20:00.000
VD-44-0080-167-01,3000800016813U,0,1,0.0,0.00000,L,0,0.0,0,2022-01-02 19:20:00.000
VD-44-0080-167-01,3000800016813U,0,1,0.0,0.00000,T,0,0.0,0,2022-01-02 19:20:00.000
VD-44-0080-110-01,3000800111196U,0,1,38.0,1.00000,M,0,0.0,0,2022-01-02 19:20:00.000
VD-44-0080-110-01,3000800111196U,0,1,38.0,1.00000,S,1,38.0,0,2022-01-02 19:20:00.000
VD-44-0080-110-01,3000800111196U,0,1,38.0,1.00000,L,0,0.0,0,2022-01-02 19:20:00.000
VD-44-0080-110-01,3000800111196U,0,1,38.0,1.00000,T,0,0.0,0,2022-01-02 19:20:00.000
VD-44-0080-110-01,3000800011194U,0,1,0.0,0.00000,M,0,0.0,0,2022-01-02 19:20:00.000
VD-44-0080-110-01,3000800011194U,0,1,0.0,0.00000,S,0,0.0,0,2022-01-02 19:20:00.000
VD-44-0080-110-01,3000800011194U,0,1,0.0,0.00000,L,0,0.0,0,2022-01-02 19:20:00.000
VD-44-0080-110-01,3000800011194U,0,1,0.0,0.00000,T,0,0.0,0,2022-01-02 19:20:00.000
VD-44-0080-114-01,3000800111596U,0,1,49.0,1.00000,M,0,0.0,0,2022-01-02 19:20:00.000
VD-44-0080-114-01,3000800111596U,0,1,49.0,1.00000,S,1,49.0,0,2022-01-02 19:20:00.000
VD-44-0080-114-01,3000800111596U,0,1,49.0,1.00000,L,0,0.0,0,2022-01-02 19:20:00.000
VD-44-0080-114-01,3000800111596U,0,1,49.0,1.00000,T,0,0.0,0,2022-01-02 19:20:00.000
VD-44-0080-114-01,3000800011596U,0,1,0.0,0.00000,M,0,0.0,0,2022-01-02 19:20:00.000
VD-44-0080-114-01,3000800011596U,0,1,0.0,0.00000,S,0,0.0,0,2022-01-02 19:20:00.000
VD-44-0080-114-01,3000800011596U,0,1,0.0,0.00000,L,0,0.0,0,2022-01-02 19:20:00.000
VD-44-0080-114-01,3000800011596U,0,1,0.0,0.00000,T,0,0.0,0,2022-01-02 19:20:00.000
VD-44-0080-151-01,3000800015288U,0,1,45.0,0.00000,M,0,0.0,0,2022-01-02 19:20:00.000
VD-44-0080-151-01,3000800015288U,0,1,45.0,0.00000,S,1,45.0,0,2022-01-02 19:20:00.000
VD-44-0080-151-01,3000800015288U,0,1,45.0,0.00000,L,0,0.0,0,2022-01-02 19:20:00.000
VD-44-0080-151-01,3000800015288U,0,1,45.0,0.00000,T,0,0.0,0,2022-01-02 19:20:00.000
VD-44-0080-151-01,3000800115288U,0,1,0.0,0.00000,M,0,0.0,0,2022-01-02 19:20:00.000
VD-44-0080-151-01,3000800115288U,0,1,0.0,0.00000,S,0,0.0,0,2022-01-02 19:20:00.000
VD-44-0080-151-01,3000800115288U,0,1,0.0,0.00000,L,0,0.0,0,2022-01-02 19:20:00.000
VD-44-0080-151-01,3000800115288U,0,1,0.0,0.00000,T,0,0.0,0,2022-01-02 19:20:00.000
VD-44-0080-159-01,3000800016081U,0,1,0.0,0.00000,M,0,0.0,0,2022-01-02 19:20:00.000
VD-44-0080-159-01,3000800016081U,0,1,0.0,0.00000,S,0,0.0,0,2022-01-02 19:20:00.000
VD-44-0080-159-01,3000800016081U,0,1,0.0,0.00000,L,0,0.0,0,2022-01-02 19:20:00.000
VD-44-0080-159-01,3000800016081U,0,1,0.0,0.00000,T,0,0.0,0,2022-01-02 19:20:00.000
VD-44-0080-159-01,3000800116081U,0,1,0.0,0.00000,M,0,0.0,0,2022-01-02 19:20:00.000
VD-44-0080-159-01,3000800116081U,0,1,0.0,0.00000,S,0,0.0,0,2022-01-02 19:20:00.000
VD-44-0080-159-01,3000800116081U,0,1,0.0,0.00000,L,0,0.0,0,2022-01-02 19:20:00.000
VD-44-0080-159-01,3000800116081U,0,1,0.0,0.00000,T,0,0.0,0,2022-01-02 19:20:00.000
VD-44-0080-169-01,3000800017062U,0,1,-99.0,-99.00000,M,-99,-99.0,1,2022-01-02 19:20:00.000
VD-44-0080-169-01,3000800017062U,0,1,-99.0,-99.00000,S,-99,-99.0,1,2022-01-02 19:20:00.000
VD-44-0080-169-01,3000800017062U,0,1,-99.0,-99.00000,L,-99,-99.0,1,2022-01-02 19:20:00.000
VD-44-0080-169-01,3000800017062U,0,1,-99.0,-99.00000,T,-99,-99.0,1,2022-01-02 19:20:00.000
VD-44-0080-169-01,3000800117062U,0,1,-99.0,-99.00000,M,-99,-99.0,1,2022-01-02 19:20:00.000
VD-44-0080-169-01,3000800117062U,0,1,-99.0,-99.00000,S,-99,-99.0,1,2022-01-02 19:20:00.000
VD-44-0080-169-01,3000800117062U,0,1,-99.0,-99.00000,L,-99,-99.0,1,2022-01-02 19:20:00.000
VD-44-0080-169-01,3000800117062U,0,1,-99.0,-99.00000,T,-99,-99.0,1,2022-01-02 19:20:00.000
VD-44-0080-187-01,3000800118874U,0,1,57.0,1.00000,M,0,0.0,0,2022-01-02 19:20:00.000
VD-44-0080-187-01,3000800118874U,0,1,57.0,1.00000,S,4,57.0,0,2022-01-02 19:20:00.000
VD-44-0080-187-01,3000800118874U,0,1,57.0,1.00000,L,0,0.0,0,2022-01-02 19:20:00.000
VD-44-0080-187-01,3000800118874U,0,1,57.0,1.00000,T,0,0.0,0,2022-01-02 19:20:00.000
VD-44-0080-187-01,3000800018874U,0,1,32.0,2.00000,M,0,0.0,0,2022-01-02 19:20:00.000
VD-44-0080-187-01,3000800018874U,0,1,32.0,2.00000,S,3,32.0,0,2022-01-02 19:20:00.000
VD-44-0080-187-01,3000800018874U,0,1,32.0,2.00000,L,0,0.0,0,2022-01-02 19:20:00.000
VD-44-0080-187-01,3000800018874U,0,1,32.0,2.00000,T,0,0.0,0,2022-01-02 19:20:00.000
VD-46-0090-293-01,3000900129276U,0,1,49.0,3.00000,M,0,0.0,0,2022-01-02 19:20:00.000
VD-46-0090-293-01,3000900129276U,0,1,49.0,3.00000,S,3,49.0,0,2022-01-02 19:20:00.000
VD-46-0090-293-01,3000900129276U,0,1,49.0,3.00000,L,1,49.0,0,2022-01-02 19:20:00.000
VD-46-0090-293-01,3000900129276U,0,1,49.0,3.00000,T,0,0.0,0,2022-01-02 19:20:00.000
VD-46-0090-293-01,3000900029276U,0,1,70.0,1.00000,M,0,0.0,0,2022-01-02 19:20:00.000
VD-46-0090-293-01,3000900029276U,0,1,70.0,1.00000,S,1,70.0,0,2022-01-02 19:20:00.000
VD-46-0090-293-01,3000900029276U,0,1,70.0,1.00000,L,0,0.0,0,2022-01-02 19:20:00.000
VD-46-0090-293-01,3000900029276U,0,1,70.0,1.00000,T,0,0.0,0,2022-01-02 19:20:00.000
VD-46-0090-282-01,3000900128236U,0,1,86.0,4.00000,M,0,0.0,0,2022-01-02 19:20:00.000
VD-46-0090-282-01,3000900128236U,0,1,86.0,4.00000,S,9,83.0,0,2022-01-02 19:20:00.000
VD-46-0090-282-01,3000900128236U,0,1,86.0,4.00000,L,0,0.0,0,2022-01-02 19:20:00.000
VD-46-0090-282-01,3000900128236U,0,1,86.0,4.00000,T,0,0.0,0,2022-01-02 19:20:00.000
VD-46-0090-282-01,3000900028236U,0,1,0.0,0.00000,M,0,0.0,0,2022-01-02 19:20:00.000
VD-46-0090-282-01,3000900028236U,0,1,0.0,0.00000,S,0,0.0,0,2022-01-02 19:20:00.000
VD-46-0090-282-01,3000900028236U,0,1,0.0,0.00000,L,0,0.0,0,2022-01-02 19:20:00.000
VD-46-0090-282-01,3000900028236U,0,1,0.0,0.00000,T,0,0.0,0,2022-01-02 19:20:00.000
VD-46-0090-274-01,3000900027328U,0,1,64.0,4.00000,M,0,0.0,0,2022-01-02 19:20:00.000
VD-46-0090-274-01,3000900027328U,0,1,64.0,4.00000,S,3,64.0,0,2022-01-02 19:20:00.000
VD-46-0090-274-01,3000900027328U,0,1,64.0,4.00000,L,1,64.0,0,2022-01-02 19:20:00.000
VD-46-0090-274-01,3000900027328U,0,1,64.0,4.00000,T,0,0.0,0,2022-01-02 19:20:00.000
VD-46-0090-274-01,3000900127328U,0,1,67.0,2.00000,M,0,0.0,0,2022-01-02 19:20:00.000
VD-46-0090-274-01,3000900127328U,0,1,67.0,2.00000,S,5,68.0,0,2022-01-02 19:20:00.000
VD-46-0090-274-01,3000900127328U,0,1,67.0,2.00000,L,0,0.0,0,2022-01-02 19:20:00.000
VD-46-0090-274-01,3000900127328U,0,1,67.0,2.00000,T,0,0.0,0,2022-01-02 19:20:00.000
VD-46-0090-271-01,3000900127069U,0,1,59.0,1.00000,M,0,0.0,0,2022-01-02 19:20:00.000
VD-46-0090-271-01,3000900127069U,0,1,59.0,1.00000,S,3,59.0,0,2022-01-02 19:20:00.000
VD-46-0090-271-01,3000900127069U,0,1,59.0,1.00000,L,0,0.0,0,2022-01-02 19:20:00.000
VD-46-0090-271-01,3000900127069U,0,1,59.0,1.00000,T,0,0.0,0,2022-01-02 19:20:00.000
VD-46-0090-271-01,3000900027069U,0,1,61.0,2.00000,M,0,0.0,0,2022-01-02 19:20:00.000
VD-46-0090-271-01,3000900027069U,0,1,61.0,2.00000,S,9,60.0,0,2022-01-02 19:20:00.000
VD-46-0090-271-01,3000900027069U,0,1,61.0,2.00000,L,0,0.0,0,2022-01-02 19:20:00.000
VD-46-0090-271-01,3000900027069U,0,1,61.0,2.00000,T,0,0.0,0,2022-01-02 19:20:00.000
VD-46-0090-258-01,3000900126198U,0,1,77.0,0.00000,M,0,0.0,0,2022-01-02 19:20:00.000
VD-46-0090-258-01,3000900126198U,0,1,77.0,0.00000,S,1,77.0,0,2022-01-02 19:20:00.000
VD-46-0090-258-01,3000900126198U,0,1,77.0,0.00000,L,0,0.0,0,2022-01-02 19:20:00.000
VD-46-0090-258-01,3000900126198U,0,1,77.0,0.00000,T,0,0.0,0,2022-01-02 19:20:00.000
VD-46-0090-258-01,3000900126198U,1,1,69.0,1.00000,M,0,0.0,0,2022-01-02 19:20:00.000
VD-46-0090-258-01,3000900126198U,1,1,69.0,1.00000,S,4,68.0,0,2022-01-02 19:20:00.000
VD-46-0090-258-01,3000900126198U,1,1,69.0,1.00000,L,0,0.0,0,2022-01-02 19:20:00.000
VD-46-0090-258-01,3000900126198U,1,1,69.0,1.00000,T,0,0.0,0,2022-01-02 19:20:00.000
VD-46-0090-258-01,3000900026198U,0,1,83.0,1.00000,M,0,0.0,0,2022-01-02 19:20:00.000
VD-46-0090-258-01,3000900026198U,0,1,83.0,1.00000,S,2,83.0,0,2022-01-02 19:20:00.000
VD-46-0090-258-01,3000900026198U,0,1,83.0,1.00000,L,0,0.0,0,2022-01-02 19:20:00.000
VD-46-0090-258-01,3000900026198U,0,1,83.0,1.00000,T,0,0.0,0,2022-01-02 19:20:00.000
VD-46-0090-258-01,3000900026198U,1,1,69.0,0.00000,M,0,0.0,0,2022-01-02 19:20:00.000
VD-46-0090-258-01,3000900026198U,1,1,69.0,0.00000,S,2,69.0,0,2022-01-02 19:20:00.000
VD-46-0090-258-01,3000900026198U,1,1,69.0,0.00000,L,0,0.0,0,2022-01-02 19:20:00.000
VD-46-0090-258-01,3000900026198U,1,1,69.0,0.00000,T,0,0.0,0,2022-01-02 19:20:00.000
VD-43-0090-220-01,3000900021974U,0,1,0.0,0.00000,M,0,0.0,0,2022-01-02 19:20:00.000
VD-43-0090-220-01,3000900021974U,0,1,0.0,0.00000,S,0,0.0,0,2022-01-02 19:20:00.000
VD-43-0090-220-01,3000900021974U,0,1,0.0,0.00000,L,0,0.0,0,2022-01-02 19:20:00.000
VD-43-0090-220-01,3000900021974U,0,1,0.0,0.00000,T,0,0.0,0,2022-01-02 19:20:00.000
VD-43-0090-220-01,3000900021974U,1,1,49.0,1.00000,M,0,0.0,0,2022-01-02 19:20:00.000
VD-43-0090-220-01,3000900021974U,1,1,49.0,1.00000,S,2,49.0,0,2022-01-02 19:20:00.000
VD-43-0090-220-01,3000900021974U,1,1,49.0,1.00000,L,0,0.0,0,2022-01-02 19:20:00.000
VD-43-0090-220-01,3000900021974U,1,1,49.0,1.00000,T,0,0.0,0,2022-01-02 19:20:00.000
VD-43-0090-220-01,3000900121975U,0,1,72.0,2.00000,M,0,0.0,0,2022-01-02 19:20:00.000
VD-43-0090-220-01,3000900121975U,0,1,72.0,2.00000,S,6,72.0,0,2022-01-02 19:20:00.000
VD-43-0090-220-01,3000900121975U,0,1,72.0,2.00000,L,0,0.0,0,2022-01-02 19:20:00.000
VD-43-0090-220-01,3000900121975U,0,1,72.0,2.00000,T,0,0.0,0,2022-01-02 19:20:00.000
VD-43-0090-220-01,3000900121975U,1,1,70.0,1.00000,M,0,0.0,0,2022-01-02 19:20:00.000
VD-43-0090-220-01,3000900121975U,1,1,70.0,1.00000,S,2,70.0,0,2022-01-02 19:20:00.000
VD-43-0090-220-01,3000900121975U,1,1,70.0,1.00000,L,1,70.0,0,2022-01-02 19:20:00.000
VD-43-0090-220-01,3000900121975U,1,1,70.0,1.00000,T,0,0.0,0,2022-01-02 19:20:00.000
VD-43-0090-193-01,3000900119277U,0,1,48.0,1.00000,M,0,0.0,0,2022-01-02 19:20:00.000
VD-43-0090-193-01,3000900119277U,0,1,48.0,1.00000,S,2,48.0,0,2022-01-02 19:20:00.000
VD-43-0090-193-01,3000900119277U,0,1,48.0,1.00000,L,0,0.0,0,2022-01-02 19:20:00.000
VD-43-0090-193-01,3000900119277U,0,1,48.0,1.00000,T,0,0.0,0,2022-01-02 19:20:00.000
VD-43-0090-193-01,3000900019277U,0,1,25.0,1.00000,M,0,0.0,0,2022-01-02 19:20:00.000
VD-43-0090-193-01,3000900019277U,0,1,25.0,1.00000,S,2,25.0,0,2022-01-02 19:20:00.000
VD-43-0090-193-01,3000900019277U,0,1,25.0,1.00000,L,0,0.0,0,2022-01-02 19:20:00.000
VD-43-0090-193-01,3000900019277U,0,1,25.0,1.00000,T,0,0.0,0,2022-01-02 19:20:00.000
VD-43-0090-191-01,3000900119077U,0,1,-99.0,-99.00000,M,-99,-99.0,3,2022-01-02 19:20:00.000
VD-43-0090-191-01,3000900119077U,0,1,-99.0,-99.00000,S,-99,-99.0,3,2022-01-02 19:20:00.000
VD-43-0090-191-01,3000900119077U,0,1,-99.0,-99.00000,L,-99,-99.0,3,2022-01-02 19:20:00.000
VD-43-0090-191-01,3000900119077U,0,1,-99.0,-99.00000,T,-99,-99.0,3,2022-01-02 19:20:00.000
VD-43-0090-191-01,3000900119077U,1,1,-99.0,-99.00000,M,-99,-99.0,3,2022-01-02 19:20:00.000
VD-43-0090-191-01,3000900119077U,1,1,-99.0,-99.00000,S,-99,-99.0,3,2022-01-02 19:20:00.000
VD-43-0090-191-01,3000900119077U,1,1,-99.0,-99.00000,L,-99,-99.0,3,2022-01-02 19:20:00.000
VD-43-0090-191-01,3000900119077U,1,1,-99.0,-99.00000,T,-99,-99.0,3,2022-01-02 19:20:00.000
VD-43-0090-191-01,3000900019077U,0,1,-99.0,-99.00000,M,-99,-99.0,3,2022-01-02 19:20:00.000
VD-43-0090-191-01,3000900019077U,0,1,-99.0,-99.00000,S,-99,-99.0,3,2022-01-02 19:20:00.000
VD-43-0090-191-01,3000900019077U,0,1,-99.0,-99.00000,L,-99,-99.0,3,2022-01-02 19:20:00.000
VD-43-0090-191-01,3000900019077U,0,1,-99.0,-99.00000,T,-99,-99.0,3,2022-01-02 19:20:00.000
VD-43-0090-191-01,3000900019077U,1,1,-99.0,-99.00000,M,-99,-99.0,3,2022-01-02 19:20:00.000
VD-43-0090-191-01,3000900019077U,1,1,-99.0,-99.00000,S,-99,-99.0,3,2022-01-02 19:20:00.000
VD-43-0090-191-01,3000900019077U,1,1,-99.0,-99.00000,L,-99,-99.0,3,2022-01-02 19:20:00.000
VD-43-0090-191-01,3000900019077U,1,1,-99.0,-99.00000,T,-99,-99.0,3,2022-01-02 19:20:00.000
VD-43-0090-190-01,3000900119000U,0,1,51.0,4.00000,M,0,0.0,0,2022-01-02 19:20:00.000
VD-43-0090-190-01,3000900119000U,0,1,51.0,4.00000,S,9,51.0,0,2022-01-02 19:20:00.000
VD-43-0090-190-01,3000900119000U,0,1,51.0,4.00000,L,0,0.0,0,2022-01-02 19:20:00.000
VD-43-0090-190-01,3000900119000U,0,1,51.0,4.00000,T,0,0.0,0,2022-01-02 19:20:00.000
VD-43-0090-190-01,3000900119000U,1,1,40.0,2.00000,M,0,0.0,0,2022-01-02 19:20:00.000
VD-43-0090-190-01,3000900119000U,1,1,40.0,2.00000,S,3,40.0,0,2022-01-02 19:20:00.000
VD-43-0090-190-01,3000900119000U,1,1,40.0,2.00000,L,0,0.0,0,2022-01-02 19:20:00.000
VD-43-0090-190-01,3000900119000U,1,1,40.0,2.00000,T,0,0.0,0,2022-01-02 19:20:00.000
VD-43-0090-190-01,3000900019000U,0,1,30.0,3.00000,M,0,0.0,0,2022-01-02 19:20:00.000
VD-43-0090-190-01,3000900019000U,0,1,30.0,3.00000,S,4,30.0,0,2022-01-02 19:20:00.000
VD-43-0090-190-01,3000900019000U,0,1,30.0,3.00000,L,0,0.0,0,2022-01-02 19:20:00.000
VD-43-0090-190-01,3000900019000U,0,1,30.0,3.00000,T,0,0.0,0,2022-01-02 19:20:00.000
VD-43-0090-190-01,3000900019000U,1,1,0.0,0.00000,M,0,0.0,0,2022-01-02 19:20:00.000
VD-43-0090-190-01,3000900019000U,1,1,0.0,0.00000,S,0,0.0,0,2022-01-02 19:20:00.000
VD-43-0090-190-01,3000900019000U,1,1,0.0,0.00000,L,0,0.0,0,2022-01-02 19:20:00.000
VD-43-0090-190-01,3000900019000U,1,1,0.0,0.00000,T,0,0.0,0,2022-01-02 19:20:00.000
VD-42-0090-162-01,3000900116276U,0,1,49.0,4.00000,M,0,0.0,0,2022-01-02 19:20:00.000
VD-42-0090-162-01,3000900116276U,0,1,49.0,4.00000,S,8,49.0,0,2022-01-02 19:20:00.000
VD-42-0090-162-01,3000900116276U,0,1,49.0,4.00000,L,0,0.0,0,2022-01-02 19:20:00.000
VD-42-0090-162-01,3000900116276U,0,1,49.0,4.00000,T,0,0.0,0,2022-01-02 19:20:00.000
VD-42-0090-162-01,3000900016276U,0,1,46.0,2.00000,M,0,0.0,0,2022-01-02 19:20:00.000
VD-42-0090-162-01,3000900016276U,0,1,46.0,2.00000,S,5,46.0,0,2022-01-02 19:20:00.000
VD-42-0090-162-01,3000900016276U,0,1,46.0,2.00000,L,0,0.0,0,2022-01-02 19:20:00.000
VD-42-0090-162-01,3000900016276U,0,1,46.0,2.00000,T,0,0.0,0,2022-01-02 19:20:00.000
VD-42-0090-160-01,3000900116036U,0,1,35.0,3.00000,M,0,0.0,0,2022-01-02 19:20:00.000
VD-42-0090-160-01,3000900116036U,0,1,35.0,3.00000,S,2,35.0,0,2022-01-02 19:20:00.000
VD-42-0090-160-01,3000900116036U,0,1,35.0,3.00000,L,1,35.0,0,2022-01-02 19:20:00.000
VD-42-0090-160-01,3000900116036U,0,1,35.0,3.00000,T,0,0.0,0,2022-01-02 19:20:00.000
VD-42-0090-160-01,3000900016036U,0,1,40.0,4.00000,M,0,0.0,0,2022-01-02 19:20:00.000
VD-42-0090-160-01,3000900016036U,0,1,40.0,4.00000,S,7,36.0,0,2022-01-02 19:20:00.000
VD-42-0090-160-01,3000900016036U,0,1,40.0,4.00000,L,1,43.0,0,2022-01-02 19:20:00.000
VD-42-0090-160-01,3000900016036U,0,1,40.0,4.00000,T,0,0.0,0,2022-01-02 19:20:00.000
VD-42-0090-158-02,3000900115822U,0,1,46.0,2.00000,M,0,0.0,0,2022-01-02 19:20:00.000
VD-42-0090-158-02,3000900115822U,0,1,46.0,2.00000,S,1,46.0,0,2022-01-02 19:20:00.000
VD-42-0090-158-02,3000900115822U,0,1,46.0,2.00000,L,0,0.0,0,2022-01-02 19:20:00.000
VD-42-0090-158-02,3000900115822U,0,1,46.0,2.00000,T,0,0.0,0,2022-01-02 19:20:00.000
VD-42-0090-157-02,3000900115608U,0,1,56.0,1.00000,M,0,0.0,0,2022-01-02 19:20:00.000
VD-42-0090-157-02,3000900115608U,0,1,56.0,1.00000,S,6,56.0,0,2022-01-02 19:20:00.000
VD-42-0090-157-02,3000900115608U,0,1,56.0,1.00000,L,0,0.0,0,2022-01-02 19:20:00.000
VD-42-0090-157-02,3000900115608U,0,1,56.0,1.00000,T,0,0.0,0,2022-01-02 19:20:00.000
VD-42-0090-157-02,3000900115608U,1,1,0.0,0.00000,M,0,0.0,0,2022-01-02 19:20:00.000
VD-42-0090-157-02,3000900115608U,1,1,0.0,0.00000,S,0,0.0,0,2022-01-02 19:20:00.000
VD-42-0090-157-02,3000900115608U,1,1,0.0,0.00000,L,0,0.0,0,2022-01-02 19:20:00.000
VD-42-0090-157-02,3000900115608U,1,1,0.0,0.00000,T,0,0.0,0,2022-01-02 19:20:00.000
VD-42-0090-155-01,3000900115508U,0,1,50.0,2.00000,M,0,0.0,0,2022-01-02 19:20:00.000
VD-42-0090-155-01,3000900115508U,0,1,50.0,2.00000,S,10,50.0,0,2022-01-02 19:20:00.000
VD-42-0090-155-01,3000900115508U,0,1,50.0,2.00000,L,0,0.0,0,2022-01-02 19:20:00.000
VD-42-0090-155-01,3000900115508U,0,1,50.0,2.00000,T,0,0.0,0,2022-01-02 19:20:00.000
VD-42-0090-155-01,3000900115508U,1,1,53.0,1.00000,M,0,0.0,0,2022-01-02 19:20:00.000
VD-42-0090-155-01,3000900115508U,1,1,53.0,1.00000,S,2,53.0,0,2022-01-02 19:20:00.000
VD-42-0090-155-01,3000900115508U,1,1,53.0,1.00000,L,0,0.0,0,2022-01-02 19:20:00.000
VD-42-0090-155-01,3000900115508U,1,1,53.0,1.00000,T,0,0.0,0,2022-01-02 19:20:00.000
VD-42-0090-154-07,3000900115439U,0,1,58.0,4.00000,M,0,0.0,0,2022-01-02 19:20:00.000
VD-42-0090-154-07,3000900115439U,0,1,58.0,4.00000,S,10,58.0,0,2022-01-02 19:20:00.000
VD-42-0090-154-07,3000900115439U,0,1,58.0,4.00000,L,0,0.0,0,2022-01-02 19:20:00.000
VD-42-0090-154-07,3000900115439U,0,1,58.0,4.00000,T,0,0.0,0,2022-01-02 19:20:00.000
VD-42-0090-154-07,3000900115439U,1,1,94.0,1.00000,M,0,0.0,0,2022-01-02 19:20:00.000
VD-42-0090-154-07,3000900115439U,1,1,94.0,1.00000,S,1,94.0,0,2022-01-02 19:20:00.000
VD-42-0090-154-07,3000900115439U,1,1,94.0,1.00000,L,0,0.0,0,2022-01-02 19:20:00.000
VD-42-0090-154-07,3000900115439U,1,1,94.0,1.00000,T,0,0.0,0,2022-01-02 19:20:00.000
VD-42-0090-154-09,3000900115439U,0,1,80.0,1.00000,M,0,0.0,0,2022-01-02 19:20:00.000
VD-42-0090-154-09,3000900115439U,0,1,80.0,1.00000,S,3,80.0,0,2022-01-02 19:20:00.000
VD-42-0090-154-09,3000900115439U,0,1,80.0,1.00000,L,0,0.0,0,2022-01-02 19:20:00.000
VD-42-0090-154-09,3000900115439U,0,1,80.0,1.00000,T,0,0.0,0,2022-01-02 19:20:00.000
VD-42-0090-154-09,3000900115439U,1,1,67.0,1.00000,M,0,0.0,0,2022-01-02 19:20:00.000
VD-42-0090-154-09,3000900115439U,1,1,67.0,1.00000,S,1,67.0,0,2022-01-02 19:20:00.000
VD-42-0090-154-09,3000900115439U,1,1,67.0,1.00000,L,0,0.0,0,2022-01-02 19:20:00.000
VD-42-0090-154-09,3000900115439U,1,1,67.0,1.00000,T,0,0.0,0,2022-01-02 19:20:00.000
VD-42-0090-154-05,3000900115387U,0,1,39.0,8.00000,M,0,0.0,0,2022-01-02 19:20:00.000
VD-42-0090-154-05,3000900115387U,0,1,39.0,8.00000,S,3,39.0,0,2022-01-02 19:20:00.000
VD-42-0090-154-05,3000900115387U,0,1,39.0,8.00000,L,0,0.0,0,2022-01-02 19:20:00.000
VD-42-0090-154-05,3000900115387U,0,1,39.0,8.00000,T,0,0.0,0,2022-01-02 19:20:00.000
VD-42-0090-154-04,3000900115387U,0,1,0.0,0.00000,M,0,0.0,0,2022-01-02 19:20:00.000
VD-42-0090-154-04,3000900115387U,0,1,0.0,0.00000,S,0,0.0,0,2022-01-02 19:20:00.000
VD-42-0090-154-04,3000900115387U,0,1,0.0,0.00000,L,0,0.0,0,2022-01-02 19:20:00.000
VD-42-0090-154-04,3000900115387U,0,1,0.0,0.00000,T,0,0.0,0,2022-01-02 19:20:00.000
VD-42-0090-154-03,3000900115387U,0,1,55.0,1.00000,M,0,0.0,0,2022-01-02 19:20:00.000
VD-42-0090-154-03,3000900115387U,0,1,55.0,1.00000,S,1,55.0,0,2022-01-02 19:20:00.000
VD-42-0090-154-03,3000900115387U,0,1,55.0,1.00000,L,0,0.0,0,2022-01-02 19:20:00.000
VD-42-0090-154-03,3000900115387U,0,1,55.0,1.00000,T,0,0.0,0,2022-01-02 19:20:00.000
VD-42-0090-154-02,3000900115387U,0,1,0.0,0.00000,M,0,0.0,0,2022-01-02 19:20:00.000
VD-42-0090-154-02,3000900115387U,0,1,0.0,0.00000,S,0,0.0,0,2022-01-02 19:20:00.000
VD-42-0090-154-02,3000900115387U,0,1,0.0,0.00000,L,0,0.0,0,2022-01-02 19:20:00.000
VD-42-0090-154-02,3000900115387U,0,1,0.0,0.00000,T,0,0.0,0,2022-01-02 19:20:00.000
VD-42-0090-153-03,3000900115215U,0,1,74.0,1.00000,M,0,0.0,0,2022-01-02 19:20:00.000
VD-42-0090-153-03,3000900115215U,0,1,74.0,1.00000,S,1,74.0,0,2022-01-02 19:20:00.000
VD-42-0090-153-03,3000900115215U,0,1,74.0,1.00000,L,0,0.0,0,2022-01-02 19:20:00.000
VD-42-0090-153-03,3000900115215U,0,1,74.0,1.00000,T,0,0.0,0,2022-01-02 19:20:00.000
VD-42-0090-153-03,3000900115215U,1,1,0.0,0.00000,M,0,0.0,0,2022-01-02 19:20:00.000
VD-42-0090-153-03,3000900115215U,1,1,0.0,0.00000,S,0,0.0,0,2022-01-02 19:20:00.000
VD-42-0090-153-03,3000900115215U,1,1,0.0,0.00000,L,0,0.0,0,2022-01-02 19:20:00.000
VD-42-0090-153-03,3000900115215U,1,1,0.0,0.00000,T,0,0.0,0,2022-01-02 19:20:00.000
VD-42-0090-152-03,3000900115215U,0,1,-99.0,255.00000,M,0,0.0,0,2022-01-02 19:20:00.000
VD-42-0090-152-03,3000900115215U,0,1,-99.0,255.00000,S,255,255.0,0,2022-01-02 19:20:00.000
VD-42-0090-152-03,3000900115215U,0,1,-99.0,255.00000,L,255,255.0,0,2022-01-02 19:20:00.000
VD-42-0090-152-03,3000900115215U,0,1,-99.0,255.00000,T,255,255.0,0,2022-01-02 19:20:00.000
VD-42-0090-152-01,3000900115215U,0,1,67.0,2.00000,M,0,0.0,0,2022-01-02 19:20:00.000
VD-42-0090-152-01,3000900115215U,0,1,67.0,2.00000,S,12,67.0,0,2022-01-02 19:20:00.000
VD-42-0090-152-01,3000900115215U,0,1,67.0,2.00000,L,0,0.0,0,2022-01-02 19:20:00.000
VD-42-0090-152-01,3000900115215U,0,1,67.0,2.00000,T,0,0.0,0,2022-01-02 19:20:00.000
VD-42-0090-152-01,3000900115215U,1,1,0.0,0.00000,M,0,0.0,0,2022-01-02 19:20:00.000
VD-42-0090-152-01,3000900115215U,1,1,0.0,0.00000,S,0,0.0,0,2022-01-02 19:20:00.000
VD-42-0090-152-01,3000900115215U,1,1,0.0,0.00000,L,0,0.0,0,2022-01-02 19:20:00.000
VD-42-0090-152-01,3000900115215U,1,1,0.0,0.00000,T,0,0.0,0,2022-01-02 19:20:00.000
VD-42-0090-151-03,3000900115115U,0,1,-99.0,255.00000,M,0,0.0,0,2022-01-02 19:20:00.000
VD-42-0090-151-03,3000900115115U,0,1,-99.0,255.00000,S,255,255.0,0,2022-01-02 19:20:00.000
VD-42-0090-151-03,3000900115115U,0,1,-99.0,255.00000,L,255,255.0,0,2022-01-02 19:20:00.000
VD-42-0090-151-03,3000900115115U,0,1,-99.0,255.00000,T,255,255.0,0,2022-01-02 19:20:00.000
VD-42-0090-150-04,3000900115015U,0,1,64.0,1.00000,M,0,0.0,0,2022-01-02 19:20:00.000
VD-42-0090-150-04,3000900115015U,0,1,64.0,1.00000,S,7,64.0,0,2022-01-02 19:20:00.000
VD-42-0090-150-04,3000900115015U,0,1,64.0,1.00000,L,0,0.0,0,2022-01-02 19:20:00.000
VD-42-0090-150-04,3000900115015U,0,1,64.0,1.00000,T,0,0.0,0,2022-01-02 19:20:00.000
VD-42-0090-150-04,3000900115015U,1,1,0.0,0.00000,M,0,0.0,0,2022-01-02 19:20:00.000
VD-42-0090-150-04,3000900115015U,1,1,0.0,0.00000,S,0,0.0,0,2022-01-02 19:20:00.000
VD-42-0090-150-04,3000900115015U,1,1,0.0,0.00000,L,0,0.0,0,2022-01-02 19:20:00.000
VD-42-0090-150-04,3000900115015U,1,1,0.0,0.00000,T,0,0.0,0,2022-01-02 19:20:00.000
VD-42-0090-150-02,3000900115015U,0,1,-99.0,255.00000,M,0,0.0,0,2022-01-02 19:20:00.000
VD-42-0090-150-02,3000900115015U,0,1,-99.0,255.00000,S,255,255.0,0,2022-01-02 19:20:00.000
VD-42-0090-150-02,3000900115015U,0,1,-99.0,255.00000,L,255,255.0,0,2022-01-02 19:20:00.000
VD-42-0090-150-02,3000900115015U,0,1,-99.0,255.00000,T,255,255.0,0,2022-01-02 19:20:00.000
VD-42-0090-149-07,3000900114915U,0,1,67.0,3.00000,M,0,0.0,0,2022-01-02 19:20:00.000
VD-42-0090-149-07,3000900114915U,0,1,67.0,3.00000,S,18,67.0,0,2022-01-02 19:20:00.000
VD-42-0090-149-07,3000900114915U,0,1,67.0,3.00000,L,0,0.0,0,2022-01-02 19:20:00.000
VD-42-0090-149-07,3000900114915U,0,1,67.0,3.00000,T,0,0.0,0,2022-01-02 19:20:00.000
VD-42-0090-149-07,3000900114915U,1,1,0.0,0.00000,M,0,0.0,0,2022-01-02 19:20:00.000
VD-42-0090-149-07,3000900114915U,1,1,0.0,0.00000,S,0,0.0,0,2022-01-02 19:20:00.000
VD-42-0090-149-07,3000900114915U,1,1,0.0,0.00000,L,0,0.0,0,2022-01-02 19:20:00.000
VD-42-0090-149-07,3000900114915U,1,1,0.0,0.00000,T,0,0.0,0,2022-01-02 19:20:00.000
VD-42-0090-148-02,3000900114857U,0,1,67.0,11.00000,M,0,0.0,0,2022-01-02 19:20:00.000
VD-42-0090-148-02,3000900114857U,0,1,67.0,11.00000,S,6,67.0,0,2022-01-02 19:20:00.000
VD-42-0090-148-02,3000900114857U,0,1,67.0,11.00000,L,0,0.0,0,2022-01-02 19:20:00.000
VD-42-0090-148-02,3000900114857U,0,1,67.0,11.00000,T,0,0.0,0,2022-01-02 19:20:00.000
VD-42-0090-148-02,3000900114857U,1,1,60.0,23.00000,M,0,0.0,0,2022-01-02 19:20:00.000
VD-42-0090-148-02,3000900114857U,1,1,60.0,23.00000,S,6,60.0,0,2022-01-02 19:20:00.000
VD-42-0090-148-02,3000900114857U,1,1,60.0,23.00000,L,0,0.0,0,2022-01-02 19:20:00.000
VD-42-0090-148-02,3000900114857U,1,1,60.0,23.00000,T,0,0.0,0,2022-01-02 19:20:00.000
VD-42-0090-144-04,3000900014444U,0,1,65.0,13.00000,M,0,0.0,0,2022-01-02 19:20:00.000
VD-42-0090-144-04,3000900014444U,0,1,65.0,13.00000,S,8,65.0,0,2022-01-02 19:20:00.000
VD-42-0090-144-04,3000900014444U,0,1,65.0,13.00000,L,0,0.0,0,2022-01-02 19:20:00.000
VD-42-0090-144-04,3000900014444U,0,1,65.0,13.00000,T,0,0.0,0,2022-01-02 19:20:00.000
VD-42-0090-144-04,3000900014444U,1,1,67.0,6.00000,M,0,0.0,0,2022-01-02 19:20:00.000
VD-42-0090-144-04,3000900014444U,1,1,67.0,6.00000,S,4,67.0,0,2022-01-02 19:20:00.000
VD-42-0090-144-04,3000900014444U,1,1,67.0,6.00000,L,0,0.0,0,2022-01-02 19:20:00.000
VD-42-0090-144-04,3000900014444U,1,1,67.0,6.00000,T,0,0.0,0,2022-01-02 19:20:00.000
VD-42-0090-144-03,3000900014444U,0,1,0.0,0.00000,M,0,0.0,0,2022-01-02 19:20:00.000
VD-42-0090-144-03,3000900014444U,0,1,0.0,0.00000,S,0,0.0,0,2022-01-02 19:20:00.000
VD-42-0090-144-03,3000900014444U,0,1,0.0,0.00000,L,0,0.0,0,2022-01-02 19:20:00.000
VD-42-0090-144-03,3000900014444U,0,1,0.0,0.00000,T,0,0.0,0,2022-01-02 19:20:00.000
VD-42-0090-144-01,3000900014444U,0,1,0.0,0.00000,M,0,0.0,0,2022-01-02 19:20:00.000
VD-42-0090-144-01,3000900014444U,0,1,0.0,0.00000,S,0,0.0,0,2022-01-02 19:20:00.000
VD-42-0090-144-01,3000900014444U,0,1,0.0,0.00000,L,0,0.0,0,2022-01-02 19:20:00.000
VD-42-0090-144-01,3000900014444U,0,1,0.0,0.00000,T,0,0.0,0,2022-01-02 19:20:00.000
VD-42-0090-142-01,3000900114174G,0,1,67.4,17.00000,M,0,0.0,0,2022-01-02 19:20:00.000
VD-42-0090-142-01,3000900114174G,0,1,67.4,17.00000,S,9,71.0,0,2022-01-02 19:20:00.000
VD-42-0090-142-01,3000900114174G,0,1,67.4,17.00000,L,1,35.0,0,2022-01-02 19:20:00.000
VD-42-0090-142-01,3000900114174G,0,1,67.4,17.00000,T,0,0.0,0,2022-01-02 19:20:00.000
VD-42-0090-141-01,3000900114174G,0,1,69.0,1.00000,M,0,0.0,0,2022-01-02 19:20:00.000
VD-42-0090-141-01,3000900114174G,0,1,69.0,1.00000,S,8,69.0,0,2022-01-02 19:20:00.000
VD-42-0090-141-01,3000900114174G,0,1,69.0,1.00000,L,0,0.0,0,2022-01-02 19:20:00.000
VD-42-0090-141-01,3000900114174G,0,1,69.0,1.00000,T,0,0.0,0,2022-01-02 19:20:00.000
VD-42-0090-141-01,3000900114174G,1,1,0.0,0.00000,M,0,0.0,0,2022-01-02 19:20:00.000
VD-42-0090-141-01,3000900114174G,1,1,0.0,0.00000,S,0,0.0,0,2022-01-02 19:20:00.000
VD-42-0090-141-01,3000900114174G,1,1,0.0,0.00000,L,0,0.0,0,2022-01-02 19:20:00.000
VD-42-0090-141-01,3000900114174G,1,1,0.0,0.00000,T,0,0.0,0,2022-01-02 19:20:00.000
VD-42-0090-140-03,3000900114009G,0,1,-99.0,255.00000,M,0,0.0,0,2022-01-02 19:20:00.000
VD-42-0090-140-03,3000900114009G,0,1,-99.0,255.00000,S,255,255.0,0,2022-01-02 19:20:00.000
VD-42-0090-140-03,3000900114009G,0,1,-99.0,255.00000,L,255,255.0,0,2022-01-02 19:20:00.000
VD-42-0090-140-03,3000900114009G,0,1,-99.0,255.00000,T,255,255.0,0,2022-01-02 19:20:00.000
VD-42-0090-140-01,3000900114009G,0,1,49.0,4.00000,M,0,0.0,0,2022-01-02 19:20:00.000
VD-42-0090-140-01,3000900114009G,0,1,49.0,4.00000,S,18,49.0,0,2022-01-02 19:20:00.000
VD-42-0090-140-01,3000900114009G,0,1,49.0,4.00000,L,0,0.0,0,2022-01-02 19:20:00.000
VD-42-0090-140-01,3000900114009G,0,1,49.0,4.00000,T,0,0.0,0,2022-01-02 19:20:00.000
VD-42-0090-140-01,3000900114009G,1,1,0.0,0.00000,M,0,0.0,0,2022-01-02 19:20:00.000
VD-42-0090-140-01,3000900114009G,1,1,0.0,0.00000,S,0,0.0,0,2022-01-02 19:20:00.000
VD-42-0090-140-01,3000900114009G,1,1,0.0,0.00000,L,0,0.0,0,2022-01-02 19:20:00.000
VD-42-0090-140-01,3000900114009G,1,1,0.0,0.00000,T,0,0.0,0,2022-01-02 19:20:00.000
VD-42-0090-139-03,3000900113909G,0,1,-99.0,255.00000,M,0,0.0,0,2022-01-02 19:20:00.000
VD-42-0090-139-03,3000900113909G,0,1,-99.0,255.00000,S,255,255.0,0,2022-01-02 19:20:00.000
VD-42-0090-139-03,3000900113909G,0,1,-99.0,255.00000,L,255,255.0,0,2022-01-02 19:20:00.000
VD-42-0090-139-03,3000900113909G,0,1,-99.0,255.00000,T,255,255.0,0,2022-01-02 19:20:00.000
VD-42-0090-138-01,3000900113909G,0,1,48.0,4.00000,M,0,0.0,0,2022-01-02 19:20:00.000
VD-42-0090-138-01,3000900113909G,0,1,48.0,4.00000,S,18,48.0,0,2022-01-02 19:20:00.000
VD-42-0090-138-01,3000900113909G,0,1,48.0,4.00000,L,0,0.0,0,2022-01-02 19:20:00.000
VD-42-0090-138-01,3000900113909G,0,1,48.0,4.00000,T,0,0.0,0,2022-01-02 19:20:00.000
VD-42-0090-138-01,3000900113909G,1,1,0.0,0.00000,M,0,0.0,0,2022-01-02 19:20:00.000
VD-42-0090-138-01,3000900113909G,1,1,0.0,0.00000,S,0,0.0,0,2022-01-02 19:20:00.000
VD-42-0090-138-01,3000900113909G,1,1,0.0,0.00000,L,0,0.0,0,2022-01-02 19:20:00.000
VD-42-0090-138-01,3000900113909G,1,1,0.0,0.00000,T,0,0.0,0,2022-01-02 19:20:00.000
VD-42-0090-138-03,3000900113909G,0,1,-99.0,255.00000,M,0,0.0,0,2022-01-02 19:20:00.000
VD-42-0090-138-03,3000900113909G,0,1,-99.0,255.00000,S,255,255.0,0,2022-01-02 19:20:00.000
VD-42-0090-138-03,3000900113909G,0,1,-99.0,255.00000,L,255,255.0,0,2022-01-02 19:20:00.000
VD-42-0090-138-03,3000900113909G,0,1,-99.0,255.00000,T,255,255.0,0,2022-01-02 19:20:00.000
VD-42-0090-137-04,3000900113809G,0,1,50.0,3.00000,M,0,0.0,0,2022-01-02 19:20:00.000
VD-42-0090-137-04,3000900113809G,0,1,50.0,3.00000,S,17,50.0,0,2022-01-02 19:20:00.000
VD-42-0090-137-04,3000900113809G,0,1,50.0,3.00000,L,0,0.0,0,2022-01-02 19:20:00.000
VD-42-0090-137-04,3000900113809G,0,1,50.0,3.00000,T,0,0.0,0,2022-01-02 19:20:00.000
VD-42-0090-137-04,3000900113809G,1,1,0.0,0.00000,M,0,0.0,0,2022-01-02 19:20:00.000
VD-42-0090-137-04,3000900113809G,1,1,0.0,0.00000,S,0,0.0,0,2022-01-02 19:20:00.000
VD-42-0090-137-04,3000900113809G,1,1,0.0,0.00000,L,0,0.0,0,2022-01-02 19:20:00.000
VD-42-0090-137-04,3000900113809G,1,1,0.0,0.00000,T,0,0.0,0,2022-01-02 19:20:00.000
VD-42-0090-137-05,3000900113809G,0,1,-99.0,255.00000,M,0,0.0,0,2022-01-02 19:20:00.000
VD-42-0090-137-05,3000900113809G,0,1,-99.0,255.00000,S,255,255.0,0,2022-01-02 19:20:00.000
VD-42-0090-137-05,3000900113809G,0,1,-99.0,255.00000,L,255,255.0,0,2022-01-02 19:20:00.000
VD-42-0090-137-05,3000900113809G,0,1,-99.0,255.00000,T,255,255.0,0,2022-01-02 19:20:00.000
VD-42-0090-136-01,3000900113809G,0,1,58.0,3.00000,M,0,0.0,0,2022-01-02 19:20:00.000
VD-42-0090-136-01,3000900113809G,0,1,58.0,3.00000,S,17,58.0,0,2022-01-02 19:20:00.000
VD-42-0090-136-01,3000900113809G,0,1,58.0,3.00000,L,0,0.0,0,2022-01-02 19:20:00.000
VD-42-0090-136-01,3000900113809G,0,1,58.0,3.00000,T,0,0.0,0,2022-01-02 19:20:00.000
VD-42-0090-136-01,3000900113809G,1,1,0.0,0.00000,M,0,0.0,0,2022-01-02 19:20:00.000
VD-42-0090-136-01,3000900113809G,1,1,0.0,0.00000,S,0,0.0,0,2022-01-02 19:20:00.000
VD-42-0090-136-01,3000900113809G,1,1,0.0,0.00000,L,0,0.0,0,2022-01-02 19:20:00.000
VD-42-0090-136-01,3000900113809G,1,1,0.0,0.00000,T,0,0.0,0,2022-01-02 19:20:00.000
VD-42-0090-135-03,3000900113508G,0,1,-99.0,255.00000,M,0,0.0,0,2022-01-02 19:20:00.000
VD-42-0090-135-03,3000900113508G,0,1,-99.0,255.00000,S,255,255.0,0,2022-01-02 19:20:00.000
VD-42-0090-135-03,3000900113508G,0,1,-99.0,255.00000,L,255,255.0,0,2022-01-02 19:20:00.000
VD-42-0090-135-03,3000900113508G,0,1,-99.0,255.00000,T,255,255.0,0,2022-01-02 19:20:00.000
VD-42-0090-135-01,3000900113508G,0,1,67.9,3.00000,M,0,0.0,0,2022-01-02 19:20:00.000
VD-42-0090-135-01,3000900113508G,0,1,67.9,3.00000,S,14,68.0,0,2022-01-02 19:20:00.000
VD-42-0090-135-01,3000900113508G,0,1,67.9,3.00000,L,1,66.0,0,2022-01-02 19:20:00.000
VD-42-0090-135-01,3000900113508G,0,1,67.9,3.00000,T,0,0.0,0,2022-01-02 19:20:00.000
VD-42-0090-135-01,3000900113508G,1,1,0.0,0.00000,M,0,0.0,0,2022-01-02 19:20:00.000
VD-42-0090-135-01,3000900113508G,1,1,0.0,0.00000,S,0,0.0,0,2022-01-02 19:20:00.000
VD-42-0090-135-01,3000900113508G,1,1,0.0,0.00000,L,0,0.0,0,2022-01-02 19:20:00.000
VD-42-0090-135-01,3000900113508G,1,1,0.0,0.00000,T,0,0.0,0,2022-01-02 19:20:00.000
VD-42-0090-134-03,3000900113208G,0,1,-99.0,255.00000,M,0,0.0,0,2022-01-02 19:20:00.000
VD-42-0090-134-03,3000900113208G,0,1,-99.0,255.00000,S,255,255.0,0,2022-01-02 19:20:00.000
VD-42-0090-134-03,3000900113208G,0,1,-99.0,255.00000,L,255,255.0,0,2022-01-02 19:20:00.000
VD-42-0090-134-03,3000900113208G,0,1,-99.0,255.00000,T,255,255.0,0,2022-01-02 19:20:00.000
VD-42-0090-133-03,3000900113208G,0,1,54.0,3.00000,M,0,0.0,0,2022-01-02 19:20:00.000
VD-42-0090-133-03,3000900113208G,0,1,54.0,3.00000,S,17,54.0,0,2022-01-02 19:20:00.000
VD-42-0090-133-03,3000900113208G,0,1,54.0,3.00000,L,0,0.0,0,2022-01-02 19:20:00.000
VD-42-0090-133-03,3000900113208G,0,1,54.0,3.00000,T,0,0.0,0,2022-01-02 19:20:00.000
VD-42-0090-133-03,3000900113208G,1,1,0.0,0.00000,M,0,0.0,0,2022-01-02 19:20:00.000
VD-42-0090-133-03,3000900113208G,1,1,0.0,0.00000,S,0,0.0,0,2022-01-02 19:20:00.000
VD-42-0090-133-03,3000900113208G,1,1,0.0,0.00000,L,0,0.0,0,2022-01-02 19:20:00.000
VD-42-0090-133-03,3000900113208G,1,1,0.0,0.00000,T,0,0.0,0,2022-01-02 19:20:00.000
VD-42-0090-133-01,3000900113208G,0,1,-99.0,255.00000,M,0,0.0,0,2022-01-02 19:20:00.000
VD-42-0090-133-01,3000900113208G,0,1,-99.0,255.00000,S,255,255.0,0,2022-01-02 19:20:00.000
VD-42-0090-133-01,3000900113208G,0,1,-99.0,255.00000,L,255,255.0,0,2022-01-02 19:20:00.000
VD-42-0090-133-01,3000900113208G,0,1,-99.0,255.00000,T,255,255.0,0,2022-01-02 19:20:00.000
VD-42-0090-132-01,3000900113108G,0,1,65.0,2.00000,M,0,0.0,0,2022-01-02 19:20:00.000
VD-42-0090-132-01,3000900113108G,0,1,65.0,2.00000,S,13,65.0,0,2022-01-02 19:20:00.000
VD-42-0090-132-01,3000900113108G,0,1,65.0,2.00000,L,0,0.0,0,2022-01-02 19:20:00.000
VD-42-0090-132-01,3000900113108G,0,1,65.0,2.00000,T,0,0.0,0,2022-01-02 19:20:00.000
VD-42-0090-132-01,3000900113108G,1,1,0.0,0.00000,M,0,0.0,0,2022-01-02 19:20:00.000
VD-42-0090-132-01,3000900113108G,1,1,0.0,0.00000,S,0,0.0,0,2022-01-02 19:20:00.000
VD-42-0090-132-01,3000900113108G,1,1,0.0,0.00000,L,0,0.0,0,2022-01-02 19:20:00.000
VD-42-0090-132-01,3000900113108G,1,1,0.0,0.00000,T,0,0.0,0,2022-01-02 19:20:00.000
VD-42-0090-131-03,3000900113008G,0,1,-99.0,255.00000,M,0,0.0,0,2022-01-02 19:20:00.000
VD-42-0090-131-03,3000900113008G,0,1,-99.0,255.00000,S,255,255.0,0,2022-01-02 19:20:00.000
VD-42-0090-131-03,3000900113008G,0,1,-99.0,255.00000,L,255,255.0,0,2022-01-02 19:20:00.000
VD-42-0090-131-03,3000900113008G,0,1,-99.0,255.00000,T,255,255.0,0,2022-01-02 19:20:00.000
VD-42-0090-130-02,3000900112908G,0,1,58.0,2.00000,M,0,0.0,0,2022-01-02 19:20:00.000
VD-42-0090-130-02,3000900112908G,0,1,58.0,2.00000,S,14,58.0,0,2022-01-02 19:20:00.000
VD-42-0090-130-02,3000900112908G,0,1,58.0,2.00000,L,0,0.0,0,2022-01-02 19:20:00.000
VD-42-0090-130-02,3000900112908G,0,1,58.0,2.00000,T,0,0.0,0,2022-01-02 19:20:00.000
VD-42-0090-130-02,3000900112908G,1,1,0.0,0.00000,M,0,0.0,0,2022-01-02 19:20:00.000
VD-42-0090-130-02,3000900112908G,1,1,0.0,0.00000,S,0,0.0,0,2022-01-02 19:20:00.000
VD-42-0090-130-02,3000900112908G,1,1,0.0,0.00000,L,0,0.0,0,2022-01-02 19:20:00.000
VD-42-0090-130-02,3000900112908G,1,1,0.0,0.00000,T,0,0.0,0,2022-01-02 19:20:00.000
VD-42-0090-130-04,3000900112908G,0,1,-99.0,255.00000,M,0,0.0,0,2022-01-02 19:20:00.000
VD-42-0090-130-04,3000900112908G,0,1,-99.0,255.00000,S,255,255.0,0,2022-01-02 19:20:00.000
VD-42-0090-130-04,3000900112908G,0,1,-99.0,255.00000,L,255,255.0,0,2022-01-02 19:20:00.000
VD-42-0090-130-04,3000900112908G,0,1,-99.0,255.00000,T,255,255.0,0,2022-01-02 19:20:00.000
VD-42-0090-129-01,3000900112908G,0,1,95.0,1.00000,M,0,0.0,0,2022-01-02 19:20:00.000
VD-42-0090-129-01,3000900112908G,0,1,95.0,1.00000,S,7,95.0,0,2022-01-02 19:20:00.000
VD-42-0090-129-01,3000900112908G,0,1,95.0,1.00000,L,0,0.0,0,2022-01-02 19:20:00.000
VD-42-0090-129-01,3000900112908G,0,1,95.0,1.00000,T,0,0.0,0,2022-01-02 19:20:00.000
VD-42-0090-129-01,3000900112908G,1,1,0.0,0.00000,M,0,0.0,0,2022-01-02 19:20:00.000
VD-42-0090-129-01,3000900112908G,1,1,0.0,0.00000,S,0,0.0,0,2022-01-02 19:20:00.000
VD-42-0090-129-01,3000900112908G,1,1,0.0,0.00000,L,0,0.0,0,2022-01-02 19:20:00.000
VD-42-0090-129-01,3000900112908G,1,1,0.0,0.00000,T,0,0.0,0,2022-01-02 19:20:00.000
VD-42-0090-128-01,3000900112718G,0,1,69.0,8.00000,M,0,0.0,0,2022-01-02 19:20:00.000
VD-42-0090-128-01,3000900112718G,0,1,69.0,8.00000,S,7,69.0,0,2022-01-02 19:20:00.000
VD-42-0090-128-01,3000900112718G,0,1,69.0,8.00000,L,0,0.0,0,2022-01-02 19:20:00.000
VD-42-0090-128-01,3000900112718G,0,1,69.0,8.00000,T,0,0.0,0,2022-01-02 19:20:00.000
VD-42-0090-128-03,3000900112718G,0,1,75.9,2.00000,M,0,0.0,0,2022-01-02 19:20:00.000
VD-42-0090-128-03,3000900112718G,0,1,75.9,2.00000,S,12,76.0,0,2022-01-02 19:20:00.000
VD-42-0090-128-03,3000900112718G,0,1,75.9,2.00000,L,1,75.0,0,2022-01-02 19:20:00.000
VD-42-0090-128-03,3000900112718G,0,1,75.9,2.00000,T,0,0.0,0,2022-01-02 19:20:00.000
VD-42-0090-128-03,3000900112718G,1,1,0.0,0.00000,M,0,0.0,0,2022-01-02 19:20:00.000
VD-42-0090-128-03,3000900112718G,1,1,0.0,0.00000,S,0,0.0,0,2022-01-02 19:20:00.000
VD-42-0090-128-03,3000900112718G,1,1,0.0,0.00000,L,0,0.0,0,2022-01-02 19:20:00.000
VD-42-0090-128-03,3000900112718G,1,1,0.0,0.00000,T,0,0.0,0,2022-01-02 19:20:00.000
VD-42-0090-127-01,3000900112718G,0,1,65.3,31.00000,M,0,0.0,0,2022-01-02 19:20:00.000
VD-42-0090-127-01,3000900112718G,0,1,65.3,31.00000,S,18,67.0,0,2022-01-02 19:20:00.000
VD-42-0090-127-01,3000900112718G,0,1,65.3,31.00000,L,1,35.0,0,2022-01-02 19:20:00.000
VD-42-0090-127-01,3000900112718G,0,1,65.3,31.00000,T,0,0.0,0,2022-01-02 19:20:00.000
VD-42-0090-125-01,3000900112517G,0,1,0.0,0.00000,M,0,0.0,0,2022-01-02 19:20:00.000
VD-42-0090-125-01,3000900112517G,0,1,0.0,0.00000,S,0,0.0,0,2022-01-02 19:20:00.000
VD-42-0090-125-01,3000900112517G,0,1,0.0,0.00000,L,0,0.0,0,2022-01-02 19:20:00.000
VD-42-0090-125-01,3000900112517G,0,1,0.0,0.00000,T,0,0.0,0,2022-01-02 19:20:00.000
VD-42-0090-124-02,3000900012462G,0,1,60.0,2.00000,M,0,0.0,0,2022-01-02 19:20:00.000
VD-42-0090-124-02,3000900012462G,0,1,60.0,2.00000,S,5,60.0,0,2022-01-02 19:20:00.000
VD-42-0090-124-02,3000900012462G,0,1,60.0,2.00000,L,0,0.0,0,2022-01-02 19:20:00.000
VD-42-0090-124-02,3000900012462G,0,1,60.0,2.00000,T,0,0.0,0,2022-01-02 19:20:00.000
VD-42-0090-124-02,3000900012462G,1,1,49.0,8.00000,M,0,0.0,0,2022-01-02 19:20:00.000
VD-42-0090-124-02,3000900012462G,1,1,49.0,8.00000,S,13,47.0,0,2022-01-02 19:20:00.000
VD-42-0090-124-02,3000900012462G,1,1,49.0,8.00000,L,1,62.0,0,2022-01-02 19:20:00.000
VD-42-0090-124-02,3000900012462G,1,1,49.0,8.00000,T,1,62.0,0,2022-01-02 19:20:00.000
VD-42-0090-124-01,3000900112423G,0,1,33.0,19.00000,M,0,0.0,0,2022-01-02 19:20:00.000
VD-42-0090-124-01,3000900112423G,0,1,33.0,19.00000,S,21,33.0,0,2022-01-02 19:20:00.000
VD-42-0090-124-01,3000900112423G,0,1,33.0,19.00000,L,1,33.0,0,2022-01-02 19:20:00.000
VD-42-0090-124-01,3000900112423G,0,1,33.0,19.00000,T,0,0.0,0,2022-01-02 19:20:00.000
VD-42-0090-124-01,3000900012423G,0,1,48.0,5.00000,M,0,0.0,0,2022-01-02 19:20:00.000
VD-42-0090-124-01,3000900012423G,0,1,48.0,5.00000,S,8,48.0,0,2022-01-02 19:20:00.000
VD-42-0090-124-01,3000900012423G,0,1,48.0,5.00000,L,0,0.0,0,2022-01-02 19:20:00.000
VD-42-0090-124-01,3000900012423G,0,1,48.0,5.00000,T,0,0.0,0,2022-01-02 19:20:00.000
VD-42-0090-123-01,3000900112347G,0,1,-99.0,-99.00000,M,-99,-99.0,1,2022-01-02 19:20:00.000
VD-42-0090-123-01,3000900112347G,0,1,-99.0,-99.00000,S,-99,-99.0,1,2022-01-02 19:20:00.000
VD-42-0090-123-01,3000900112347G,0,1,-99.0,-99.00000,L,-99,-99.0,1,2022-01-02 19:20:00.000
VD-42-0090-123-01,3000900112347G,0,1,-99.0,-99.00000,T,-99,-99.0,1,2022-01-02 19:20:00.000
VD-42-0090-123-01,3000900012347G,0,1,-99.0,-99.00000,M,-99,-99.0,1,2022-01-02 19:20:00.000
VD-42-0090-123-01,3000900012347G,0,1,-99.0,-99.00000,S,-99,-99.0,1,2022-01-02 19:20:00.000
VD-42-0090-123-01,3000900012347G,0,1,-99.0,-99.00000,L,-99,-99.0,1,2022-01-02 19:20:00.000
VD-42-0090-123-01,3000900012347G,0,1,-99.0,-99.00000,T,-99,-99.0,1,2022-01-02 19:20:00.000
VD-42-0090-118-01,3000900111888G,0,1,33.0,6.00000,M,0,0.0,0,2022-01-02 19:20:00.000
VD-42-0090-118-01,3000900111888G,0,1,33.0,6.00000,S,13,33.0,0,2022-01-02 19:20:00.000
VD-42-0090-118-01,3000900111888G,0,1,33.0,6.00000,L,0,0.0,0,2022-01-02 19:20:00.000
VD-42-0090-118-01,3000900111888G,0,1,33.0,6.00000,T,0,0.0,0,2022-01-02 19:20:00.000
VD-42-0090-118-01,3000900011888G,0,1,48.0,1.00000,M,0,0.0,0,2022-01-02 19:20:00.000
VD-42-0090-118-01,3000900011888G,0,1,48.0,1.00000,S,2,48.0,0,2022-01-02 19:20:00.000
VD-42-0090-118-01,3000900011888G,0,1,48.0,1.00000,L,0,0.0,0,2022-01-02 19:20:00.000
VD-42-0090-118-01,3000900011888G,0,1,48.0,1.00000,T,0,0.0,0,2022-01-02 19:20:00.000
VD-42-0090-117-01,3000900111643G,0,1,12.0,20.00000,M,0,0.0,0,2022-01-02 19:20:00.000
VD-42-0090-117-01,3000900111643G,0,1,12.0,20.00000,S,11,12.0,0,2022-01-02 19:20:00.000
VD-42-0090-117-01,3000900111643G,0,1,12.0,20.00000,L,0,0.0,0,2022-01-02 19:20:00.000
VD-42-0090-117-01,3000900111643G,0,1,12.0,20.00000,T,0,0.0,0,2022-01-02 19:20:00.000
VD-42-0090-113-04,3000900111342G,0,1,-99.0,-99.00000,M,-99,-99.0,2,2022-01-02 19:20:00.000
VD-42-0090-113-04,3000900111342G,0,1,-99.0,-99.00000,S,-99,-99.0,2,2022-01-02 19:20:00.000
VD-42-0090-113-04,3000900111342G,0,1,-99.0,-99.00000,L,-99,-99.0,2,2022-01-02 19:20:00.000
VD-42-0090-113-04,3000900111342G,0,1,-99.0,-99.00000,T,-99,-99.0,2,2022-01-02 19:20:00.000
VD-42-0090-113-06,3000900111292G,0,1,22.5,100.00000,M,0,0.0,0,2022-01-02 19:20:00.000
VD-42-0090-113-06,3000900111292G,0,1,22.5,100.00000,S,9,24.0,0,2022-01-02 19:20:00.000
VD-42-0090-113-06,3000900111292G,0,1,22.5,100.00000,L,2,21.0,0,2022-01-02 19:20:00.000
VD-42-0090-113-06,3000900111292G,0,1,22.5,100.00000,T,1,12.0,0,2022-01-02 19:20:00.000
VD-42-0090-113-03,3000900111292G,0,1,0.0,0.00000,M,0,0.0,0,2022-01-02 19:20:00.000
VD-42-0090-113-03,3000900111292G,0,1,0.0,0.00000,S,0,0.0,0,2022-01-02 19:20:00.000
VD-42-0090-113-03,3000900111292G,0,1,0.0,0.00000,L,0,0.0,0,2022-01-02 19:20:00.000
VD-42-0090-113-03,3000900111292G,0,1,0.0,0.00000,T,0,0.0,0,2022-01-02 19:20:00.000
VD-42-0090-113-02,3000900111292G,0,1,31.8,12.00000,M,0,0.0,0,2022-01-02 19:20:00.000
VD-42-0090-113-02,3000900111292G,0,1,31.8,12.00000,S,11,32.0,0,2022-01-02 19:20:00.000
VD-42-0090-113-02,3000900111292G,0,1,31.8,12.00000,L,3,31.0,0,2022-01-02 19:20:00.000
VD-42-0090-113-02,3000900111292G,0,1,31.8,12.00000,T,0,0.0,0,2022-01-02 19:20:00.000
VD-42-0090-113-01,3000900111292G,0,1,0.0,0.00000,M,0,0.0,0,2022-01-02 19:20:00.000
VD-42-0090-113-01,3000900111292G,0,1,0.0,0.00000,S,0,0.0,0,2022-01-02 19:20:00.000
VD-42-0090-113-01,3000900111292G,0,1,0.0,0.00000,L,0,0.0,0,2022-01-02 19:20:00.000
VD-42-0090-113-01,3000900111292G,0,1,0.0,0.00000,T,0,0.0,0,2022-01-02 19:20:00.000
VD-42-0090-112-03,3000900111270G,0,1,75.4,4.00000,M,0,0.0,0,2022-01-02 19:20:00.000
VD-42-0090-112-03,3000900111270G,0,1,75.4,4.00000,S,16,76.0,0,2022-01-02 19:20:00.000
VD-42-0090-112-03,3000900111270G,0,1,75.4,4.00000,L,3,72.0,0,2022-01-02 19:20:00.000
VD-42-0090-112-03,3000900111270G,0,1,75.4,4.00000,T,0,0.0,0,2022-01-02 19:20:00.000
VD-42-0090-112-03,3000900111270G,1,1,63.0,1.00000,M,0,0.0,0,2022-01-02 19:20:00.000
VD-42-0090-112-03,3000900111270G,1,1,63.0,1.00000,S,1,75.0,0,2022-01-02 19:20:00.000
VD-42-0090-112-03,3000900111270G,1,1,63.0,1.00000,L,1,51.0,0,2022-01-02 19:20:00.000
VD-42-0090-112-03,3000900111270G,1,1,63.0,1.00000,T,0,0.0,0,2022-01-02 19:20:00.000
VD-42-0090-112-01,3000900111128G,0,1,60.0,33.00000,M,0,0.0,0,2022-01-02 19:20:00.000
VD-42-0090-112-01,3000900111128G,0,1,60.0,33.00000,S,18,60.0,0,2022-01-02 19:20:00.000
VD-42-0090-112-01,3000900111128G,0,1,60.0,33.00000,L,0,0.0,0,2022-01-02 19:20:00.000
VD-42-0090-112-01,3000900111128G,0,1,60.0,33.00000,T,0,0.0,0,2022-01-02 19:20:00.000
VD-42-0090-111-01,3000900111128G,0,1,61.0,34.00000,M,0,0.0,0,2022-01-02 19:20:00.000
VD-42-0090-111-01,3000900111128G,0,1,61.0,34.00000,S,19,61.0,0,2022-01-02 19:20:00.000
VD-42-0090-111-01,3000900111128G,0,1,61.0,34.00000,L,0,0.0,0,2022-01-02 19:20:00.000
VD-42-0090-111-01,3000900111128G,0,1,61.0,34.00000,T,0,0.0,0,2022-01-02 19:20:00.000
VD-42-0090-110-01,3000900110792G,0,1,52.9,3.00000,M,0,0.0,0,2022-01-02 19:20:00.000
VD-42-0090-110-01,3000900110792G,0,1,52.9,3.00000,S,17,53.0,0,2022-01-02 19:20:00.000
VD-42-0090-110-01,3000900110792G,0,1,52.9,3.00000,L,1,52.0,0,2022-01-02 19:20:00.000
VD-42-0090-110-01,3000900110792G,0,1,52.9,3.00000,T,0,0.0,0,2022-01-02 19:20:00.000
VD-42-0090-110-01,3000900110792G,1,1,55.0,1.00000,M,0,0.0,0,2022-01-02 19:20:00.000
VD-42-0090-110-01,3000900110792G,1,1,55.0,1.00000,S,1,55.0,0,2022-01-02 19:20:00.000
VD-42-0090-110-01,3000900110792G,1,1,55.0,1.00000,L,0,0.0,0,2022-01-02 19:20:00.000
VD-42-0090-110-01,3000900110792G,1,1,55.0,1.00000,T,0,0.0,0,2022-01-02 19:20:00.000
VD-42-0090-110-03,3000900110792G,0,1,-99.0,-99.00000,M,-99,-99.0,0,2022-01-02 19:20:00.000
VD-42-0090-110-03,3000900110792G,0,1,-99.0,-99.00000,S,-99,-99.0,0,2022-01-02 19:20:00.000
VD-42-0090-110-03,3000900110792G,0,1,-99.0,-99.00000,L,-99,-99.0,0,2022-01-02 19:20:00.000
VD-42-0090-110-03,3000900110792G,0,1,-99.0,-99.00000,T,-99,-99.0,0,2022-01-02 19:20:00.000
VD-42-0090-109-01,3000900110792G,0,1,27.0,7.00000,M,0,0.0,0,2022-01-02 19:20:00.000
VD-42-0090-109-01,3000900110792G,0,1,27.0,7.00000,S,22,27.0,0,2022-01-02 19:20:00.000
VD-42-0090-109-01,3000900110792G,0,1,27.0,7.00000,L,0,0.0,0,2022-01-02 19:20:00.000
VD-42-0090-109-01,3000900110792G,0,1,27.0,7.00000,T,0,0.0,0,2022-01-02 19:20:00.000
VD-42-0090-109-01,3000900110792G,1,1,0.0,0.00000,M,0,0.0,0,2022-01-02 19:20:00.000
VD-42-0090-109-01,3000900110792G,1,1,0.0,0.00000,S,0,0.0,0,2022-01-02 19:20:00.000
VD-42-0090-109-01,3000900110792G,1,1,0.0,0.00000,L,0,0.0,0,2022-01-02 19:20:00.000
VD-42-0090-109-01,3000900110792G,1,1,0.0,0.00000,T,0,0.0,0,2022-01-02 19:20:00.000
VD-42-0090-109-03,3000900110792G,0,1,-99.0,-99.00000,M,-99,-99.0,0,2022-01-02 19:20:00.000
VD-42-0090-109-03,3000900110792G,0,1,-99.0,-99.00000,S,-99,-99.0,0,2022-01-02 19:20:00.000
VD-42-0090-109-03,3000900110792G,0,1,-99.0,-99.00000,L,-99,-99.0,0,2022-01-02 19:20:00.000
VD-42-0090-109-03,3000900110792G,0,1,-99.0,-99.00000,T,-99,-99.0,0,2022-01-02 19:20:00.000
VD-42-0090-108-01,3000900110792G,0,1,65.0,2.00000,M,0,0.0,0,2022-01-02 19:20:00.000
VD-42-0090-108-01,3000900110792G,0,1,65.0,2.00000,S,12,65.0,0,2022-01-02 19:20:00.000
VD-42-0090-108-01,3000900110792G,0,1,65.0,2.00000,L,0,0.0,0,2022-01-02 19:20:00.000
VD-42-0090-108-01,3000900110792G,0,1,65.0,2.00000,T,0,0.0,0,2022-01-02 19:20:00.000
VD-42-0090-108-01,3000900110792G,1,1,0.0,0.00000,M,0,0.0,0,2022-01-02 19:20:00.000
VD-42-0090-108-01,3000900110792G,1,1,0.0,0.00000,S,0,0.0,0,2022-01-02 19:20:00.000
VD-42-0090-108-01,3000900110792G,1,1,0.0,0.00000,L,0,0.0,0,2022-01-02 19:20:00.000
VD-42-0090-108-01,3000900110792G,1,1,0.0,0.00000,T,0,0.0,0,2022-01-02 19:20:00.000
VD-42-0090-107-01,3000900110619G,0,1,66.6,47.00000,M,0,0.0,0,2022-01-02 19:20:00.000
VD-42-0090-107-01,3000900110619G,0,1,66.6,47.00000,S,13,67.0,0,2022-01-02 19:20:00.000
VD-42-0090-107-01,3000900110619G,0,1,66.6,47.00000,L,1,61.0,0,2022-01-02 19:20:00.000
VD-42-0090-107-01,3000900110619G,0,1,66.6,47.00000,T,0,0.0,0,2022-01-02 19:20:00.000
VD-42-0090-104-08,3000900110444G,0,1,54.3,4.00000,M,0,0.0,0,2022-01-02 19:20:00.000
VD-42-0090-104-08,3000900110444G,0,1,54.3,4.00000,S,20,55.0,0,2022-01-02 19:20:00.000
VD-42-0090-104-08,3000900110444G,0,1,54.3,4.00000,L,1,41.0,0,2022-01-02 19:20:00.000
VD-42-0090-104-08,3000900110444G,0,1,54.3,4.00000,T,0,0.0,0,2022-01-02 19:20:00.000
VD-42-0090-104-03,3000900110412G,0,1,21.1,10.00000,M,0,0.0,0,2022-01-02 19:20:00.000
VD-42-0090-104-03,3000900110412G,0,1,21.1,10.00000,S,18,21.0,0,2022-01-02 19:20:00.000
VD-42-0090-104-03,3000900110412G,0,1,21.1,10.00000,L,1,23.0,0,2022-01-02 19:20:00.000
VD-42-0090-104-03,3000900110412G,0,1,21.1,10.00000,T,0,0.0,0,2022-01-02 19:20:00.000
VD-42-0090-104-03,3000900110412G,1,1,55.0,1.00000,M,0,0.0,0,2022-01-02 19:20:00.000
VD-42-0090-104-03,3000900110412G,1,1,55.0,1.00000,S,5,55.0,0,2022-01-02 19:20:00.000
VD-42-0090-104-03,3000900110412G,1,1,55.0,1.00000,L,0,0.0,0,2022-01-02 19:20:00.000
VD-42-0090-104-03,3000900110412G,1,1,55.0,1.00000,T,0,0.0,0,2022-01-02 19:20:00.000
VD-42-0090-103-02,3000900110380G,0,1,66.0,62.00000,M,0,0.0,0,2022-01-02 19:20:00.000
VD-42-0090-103-02,3000900110380G,0,1,66.0,62.00000,S,20,66.0,0,2022-01-02 19:20:00.000
VD-42-0090-103-02,3000900110380G,0,1,66.0,62.00000,L,0,0.0,0,2022-01-02 19:20:00.000
VD-42-0090-103-02,3000900110380G,0,1,66.0,62.00000,T,0,0.0,0,2022-01-02 19:20:00.000
VD-42-0090-103-02,3000900110380G,1,1,59.3,46.00000,M,0,0.0,0,2022-01-02 19:20:00.000
VD-42-0090-103-02,3000900110380G,1,1,59.3,46.00000,S,7,59.0,0,2022-01-02 19:20:00.000
VD-42-0090-103-02,3000900110380G,1,1,59.3,46.00000,L,1,61.0,0,2022-01-02 19:20:00.000
VD-42-0090-103-02,3000900110380G,1,1,59.3,46.00000,T,0,0.0,0,2022-01-02 19:20:00.000
VD-42-0090-102-01,3000900110207G,0,1,53.0,3.00000,M,0,0.0,0,2022-01-02 19:20:00.000
VD-42-0090-102-01,3000900110207G,0,1,53.0,3.00000,S,10,52.0,0,2022-01-02 19:20:00.000
VD-42-0090-102-01,3000900110207G,0,1,53.0,3.00000,L,0,0.0,0,2022-01-02 19:20:00.000
VD-42-0090-102-01,3000900110207G,0,1,53.0,3.00000,T,0,0.0,0,2022-01-02 19:20:00.000
VD-42-0090-102-01,3000900110207G,1,1,45.0,3.00000,M,0,0.0,0,2022-01-02 19:20:00.000
VD-42-0090-102-01,3000900110207G,1,1,45.0,3.00000,S,11,46.0,0,2022-01-02 19:20:00.000
VD-42-0090-102-01,3000900110207G,1,1,45.0,3.00000,L,0,0.0,0,2022-01-02 19:20:00.000
VD-42-0090-102-01,3000900110207G,1,1,45.0,3.00000,T,0,0.0,0,2022-01-02 19:20:00.000
VD-42-0090-102-01,3000900010263G,0,1,32.0,1.00000,M,0,0.0,0,2022-01-02 19:20:00.000
VD-42-0090-102-01,3000900010263G,0,1,32.0,1.00000,S,2,32.0,0,2022-01-02 19:20:00.000
VD-42-0090-102-01,3000900010263G,0,1,32.0,1.00000,L,0,0.0,0,2022-01-02 19:20:00.000
VD-42-0090-102-01,3000900010263G,0,1,32.0,1.00000,T,0,0.0,0,2022-01-02 19:20:00.000
VD-42-0090-102-01,3000900010263G,1,1,25.0,0.00000,M,0,0.0,0,2022-01-02 19:20:00.000
VD-42-0090-102-01,3000900010263G,1,1,25.0,0.00000,S,2,25.0,0,2022-01-02 19:20:00.000
VD-42-0090-102-01,3000900010263G,1,1,25.0,0.00000,L,0,0.0,0,2022-01-02 19:20:00.000
VD-42-0090-102-01,3000900010263G,1,1,25.0,0.00000,T,0,0.0,0,2022-01-02 19:20:00.000
VD-41-0090-089-01,3000900108994G,0,1,32.0,2.00000,M,0,0.0,0,2022-01-02 19:20:00.000
VD-41-0090-089-01,3000900108994G,0,1,32.0,2.00000,S,2,32.0,0,2022-01-02 19:20:00.000
VD-41-0090-089-01,3000900108994G,0,1,32.0,2.00000,L,0,0.0,0,2022-01-02 19:20:00.000
VD-41-0090-089-01,3000900108994G,0,1,32.0,2.00000,T,0,0.0,0,2022-01-02 19:20:00.000
VD-41-0090-089-01,3000900108994G,1,1,0.0,0.00000,M,0,0.0,0,2022-01-02 19:20:00.000
VD-41-0090-089-01,3000900108994G,1,1,0.0,0.00000,S,0,0.0,0,2022-01-02 19:20:00.000
VD-41-0090-089-01,3000900108994G,1,1,0.0,0.00000,L,0,0.0,0,2022-01-02 19:20:00.000
VD-41-0090-089-01,3000900108994G,1,1,0.0,0.00000,T,0,0.0,0,2022-01-02 19:20:00.000
VD-41-0090-089-01,3000900108994G,2,1,43.0,2.00000,M,0,0.0,0,2022-01-02 19:20:00.000
VD-41-0090-089-01,3000900108994G,2,1,43.0,2.00000,S,2,43.0,0,2022-01-02 19:20:00.000
VD-41-0090-089-01,3000900108994G,2,1,43.0,2.00000,L,0,0.0,0,2022-01-02 19:20:00.000
VD-41-0090-089-01,3000900108994G,2,1,43.0,2.00000,T,0,0.0,0,2022-01-02 19:20:00.000
VD-41-0090-070-01,3000900107061G,0,1,48.0,2.00000,M,0,0.0,0,2022-01-02 19:20:00.000
VD-41-0090-070-01,3000900107061G,0,1,48.0,2.00000,S,4,48.0,0,2022-01-02 19:20:00.000
VD-41-0090-070-01,3000900107061G,0,1,48.0,2.00000,L,3,48.0,0,2022-01-02 19:20:00.000
VD-41-0090-070-01,3000900107061G,0,1,48.0,2.00000,T,0,0.0,0,2022-01-02 19:20:00.000
VD-41-0090-070-01,3000900107061G,1,1,57.0,2.00000,M,0,0.0,0,2022-01-02 19:20:00.000
VD-41-0090-070-01,3000900107061G,1,1,57.0,2.00000,S,1,57.0,0,2022-01-02 19:20:00.000
VD-41-0090-070-01,3000900107061G,1,1,57.0,2.00000,L,2,57.0,0,2022-01-02 19:20:00.000
VD-41-0090-070-01,3000900107061G,1,1,57.0,2.00000,T,0,0.0,0,2022-01-02 19:20:00.000
VD-41-0090-070-01,3000900107061G,2,1,49.0,9.00000,M,0,0.0,0,2022-01-02 19:20:00.000
VD-41-0090-070-01,3000900107061G,2,1,49.0,9.00000,S,0,0.0,0,2022-01-02 19:20:00.000
VD-41-0090-070-01,3000900107061G,2,1,49.0,9.00000,L,2,49.0,0,2022-01-02 19:20:00.000
VD-41-0090-070-01,3000900107061G,2,1,49.0,9.00000,T,0,0.0,0,2022-01-02 19:20:00.000
VD-41-0090-070-01,3000900007061G,0,1,56.0,2.00000,M,0,0.0,0,2022-01-02 19:20:00.000
VD-41-0090-070-01,3000900007061G,0,1,56.0,2.00000,S,0,0.0,0,2022-01-02 19:20:00.000
VD-41-0090-070-01,3000900007061G,0,1,56.0,2.00000,L,1,56.0,0,2022-01-02 19:20:00.000
VD-41-0090-070-01,3000900007061G,0,1,56.0,2.00000,T,0,0.0,0,2022-01-02 19:20:00.000
VD-41-0090-070-01,3000900007061G,1,1,57.0,1.00000,M,0,0.0,0,2022-01-02 19:20:00.000
VD-41-0090-070-01,3000900007061G,1,1,57.0,1.00000,S,1,57.0,0,2022-01-02 19:20:00.000
VD-41-0090-070-01,3000900007061G,1,1,57.0,1.00000,L,1,57.0,0,2022-01-02 19:20:00.000
VD-41-0090-070-01,3000900007061G,1,1,57.0,1.00000,T,0,0.0,0,2022-01-02 19:20:00.000
VD-41-0090-068-01,3000900006868G,0,1,0.0,0.00000,M,0,0.0,0,2022-01-02 19:20:00.000
VD-41-0090-068-01,3000900006868G,0,1,0.0,0.00000,S,0,0.0,0,2022-01-02 19:20:00.000
VD-41-0090-068-01,3000900006868G,0,1,0.0,0.00000,L,0,0.0,0,2022-01-02 19:20:00.000
VD-41-0090-068-01,3000900006868G,0,1,0.0,0.00000,T,0,0.0,0,2022-01-02 19:20:00.000
VD-41-0090-068-01,3000900106868G,0,1,53.0,4.00000,M,0,0.0,0,2022-01-02 19:20:00.000
VD-41-0090-068-01,3000900106868G,0,1,53.0,4.00000,S,6,53.0,0,2022-01-02 19:20:00.000
VD-41-0090-068-01,3000900106868G,0,1,53.0,4.00000,L,0,0.0,0,2022-01-02 19:20:00.000
VD-41-0090-068-01,3000900106868G,0,1,53.0,4.00000,T,0,0.0,0,2022-01-02 19:20:00.000
VD-41-0090-069-01,3000900006868G,0,1,0.0,0.00000,M,0,0.0,0,2022-01-02 19:20:00.000
VD-41-0090-069-01,3000900006868G,0,1,0.0,0.00000,S,0,0.0,0,2022-01-02 19:20:00.000
VD-41-0090-069-01,3000900006868G,0,1,0.0,0.00000,L,0,0.0,0,2022-01-02 19:20:00.000
VD-41-0090-069-01,3000900006868G,0,1,0.0,0.00000,T,0,0.0,0,2022-01-02 19:20:00.000
VD-41-0090-069-01,3000900106868G,0,1,0.0,0.00000,M,0,0.0,0,2022-01-02 19:20:00.000
VD-41-0090-069-01,3000900106868G,0,1,0.0,0.00000,S,0,0.0,0,2022-01-02 19:20:00.000
VD-41-0090-069-01,3000900106868G,0,1,0.0,0.00000,L,0,0.0,0,2022-01-02 19:20:00.000
VD-41-0090-069-01,3000900106868G,0,1,0.0,0.00000,T,0,0.0,0,2022-01-02 19:20:00.000
VD-41-0090-074-01,3000900107383G,0,1,41.0,1.00000,M,0,0.0,0,2022-01-02 19:20:00.000
VD-41-0090-074-01,3000900107383G,0,1,41.0,1.00000,S,2,40.0,0,2022-01-02 19:20:00.000
VD-41-0090-074-01,3000900107383G,0,1,41.0,1.00000,L,0,0.0,0,2022-01-02 19:20:00.000
VD-41-0090-074-01,3000900107383G,0,1,41.0,1.00000,T,0,0.0,0,2022-01-02 19:20:00.000
VD-41-0090-074-01,3000900107383G,1,1,46.0,1.00000,M,0,0.0,0,2022-01-02 19:20:00.000
VD-41-0090-074-01,3000900107383G,1,1,46.0,1.00000,S,3,48.0,0,2022-01-02 19:20:00.000
VD-41-0090-074-01,3000900107383G,1,1,46.0,1.00000,L,0,0.0,0,2022-01-02 19:20:00.000
VD-41-0090-074-01,3000900107383G,1,1,46.0,1.00000,T,0,0.0,0,2022-01-02 19:20:00.000
VD-41-0090-074-01,3000900007376G,0,1,57.0,1.00000,M,0,0.0,0,2022-01-02 19:20:00.000
VD-41-0090-074-01,3000900007376G,0,1,57.0,1.00000,S,1,57.0,0,2022-01-02 19:20:00.000
VD-41-0090-074-01,3000900007376G,0,1,57.0,1.00000,L,0,0.0,0,2022-01-02 19:20:00.000
VD-41-0090-074-01,3000900007376G,0,1,57.0,1.00000,T,0,0.0,0,2022-01-02 19:20:00.000
VD-41-0090-074-01,3000900007376G,1,1,48.0,2.00000,M,0,0.0,0,2022-01-02 19:20:00.000
VD-41-0090-074-01,3000900007376G,1,1,48.0,2.00000,S,4,48.0,0,2022-01-02 19:20:00.000
VD-41-0090-074-01,3000900007376G,1,1,48.0,2.00000,L,0,0.0,0,2022-01-02 19:20:00.000
VD-41-0090-074-01,3000900007376G,1,1,48.0,2.00000,T,0,0.0,0,2022-01-02 19:20:00.000
VD-41-0090-077-01,3000900107751G,0,1,48.0,3.00000,M,0,0.0,0,2022-01-02 19:20:00.000
VD-41-0090-077-01,3000900107751G,0,1,48.0,3.00000,S,7,48.0,0,2022-01-02 19:20:00.000
VD-41-0090-077-01,3000900107751G,0,1,48.0,3.00000,L,0,0.0,0,2022-01-02 19:20:00.000
VD-41-0090-077-01,3000900107751G,0,1,48.0,3.00000,T,0,0.0,0,2022-01-02 19:20:00.000
VD-41-0090-077-01,3000900107751G,1,1,57.0,8.00000,M,0,0.0,0,2022-01-02 19:20:00.000
VD-41-0090-077-01,3000900107751G,1,1,57.0,8.00000,S,13,57.0,0,2022-01-02 19:20:00.000
VD-41-0090-077-01,3000900107751G,1,1,57.0,8.00000,L,0,0.0,0,2022-01-02 19:20:00.000
VD-41-0090-077-01,3000900107751G,1,1,57.0,8.00000,T,0,0.0,0,2022-01-02 19:20:00.000
VD-41-0090-077-01,3000900007751G,0,1,0.0,0.00000,M,0,0.0,0,2022-01-02 19:20:00.000
VD-41-0090-077-01,3000900007751G,0,1,0.0,0.00000,S,0,0.0,0,2022-01-02 19:20:00.000
VD-41-0090-077-01,3000900007751G,0,1,0.0,0.00000,L,0,0.0,0,2022-01-02 19:20:00.000
VD-41-0090-077-01,3000900007751G,0,1,0.0,0.00000,T,0,0.0,0,2022-01-02 19:20:00.000
VD-41-0090-077-01,3000900007751G,1,1,57.0,1.00000,M,0,0.0,0,2022-01-02 19:20:00.000
VD-41-0090-077-01,3000900007751G,1,1,57.0,1.00000,S,2,57.0,0,2022-01-02 19:20:00.000
VD-41-0090-077-01,3000900007751G,1,1,57.0,1.00000,L,0,0.0,0,2022-01-02 19:20:00.000
VD-41-0090-077-01,3000900007751G,1,1,57.0,1.00000,T,0,0.0,0,2022-01-02 19:20:00.000
VD-41-0090-085-01,3000900008505G,0,1,69.0,2.00000,M,0,0.0,0,2022-01-02 19:20:00.000
VD-41-0090-085-01,3000900008505G,0,1,69.0,2.00000,S,6,66.0,0,2022-01-02 19:20:00.000
VD-41-0090-085-01,3000900008505G,0,1,69.0,2.00000,L,0,0.0,0,2022-01-02 19:20:00.000
VD-41-0090-085-01,3000900008505G,0,1,69.0,2.00000,T,0,0.0,0,2022-01-02 19:20:00.000
VD-41-0090-085-01,3000900008505G,1,1,67.0,2.00000,M,0,0.0,0,2022-01-02 19:20:00.000
VD-41-0090-085-01,3000900008505G,1,1,67.0,2.00000,S,10,62.0,0,2022-01-02 19:20:00.000
VD-41-0090-085-01,3000900008505G,1,1,67.0,2.00000,L,0,0.0,0,2022-01-02 19:20:00.000
VD-41-0090-085-01,3000900008505G,1,1,67.0,2.00000,T,0,0.0,0,2022-01-02 19:20:00.000
VD-41-0090-085-01,3000900008505G,2,1,0.0,0.00000,M,0,0.0,0,2022-01-02 19:20:00.000
VD-41-0090-085-01,3000900008505G,2,1,0.0,0.00000,S,0,0.0,0,2022-01-02 19:20:00.000
VD-41-0090-085-01,3000900008505G,2,1,0.0,0.00000,L,0,0.0,0,2022-01-02 19:20:00.000
VD-41-0090-085-01,3000900008505G,2,1,0.0,0.00000,T,0,0.0,0,2022-01-02 19:20:00.000
VD-41-0090-085-01,3000900108505G,0,1,67.0,0.00000,M,0,0.0,0,2022-01-02 19:20:00.000
VD-41-0090-085-01,3000900108505G,0,1,67.0,0.00000,S,2,67.0,0,2022-01-02 19:20:00.000
VD-41-0090-085-01,3000900108505G,0,1,67.0,0.00000,L,0,0.0,0,2022-01-02 19:20:00.000
VD-41-0090-085-01,3000900108505G,0,1,67.0,0.00000,T,0,0.0,0,2022-01-02 19:20:00.000
VD-41-0090-085-01,3000900108505G,1,1,62.0,4.00000,M,0,0.0,0,2022-01-02 19:20:00.000
VD-41-0090-085-01,3000900108505G,1,1,62.0,4.00000,S,11,62.0,0,2022-01-02 19:20:00.000
VD-41-0090-085-01,3000900108505G,1,1,62.0,4.00000,L,0,0.0,0,2022-01-02 19:20:00.000
VD-41-0090-085-01,3000900108505G,1,1,62.0,4.00000,T,0,0.0,0,2022-01-02 19:20:00.000
VD-41-0090-085-01,3000900108505G,2,1,65.0,3.00000,M,0,0.0,0,2022-01-02 19:20:00.000
VD-41-0090-085-01,3000900108505G,2,1,65.0,3.00000,S,4,60.0,0,2022-01-02 19:20:00.000
VD-41-0090-085-01,3000900108505G,2,1,65.0,3.00000,L,0,0.0,0,2022-01-02 19:20:00.000
VD-41-0090-085-01,3000900108505G,2,1,65.0,3.00000,T,0,0.0,0,2022-01-02 19:20:00.000
VD-41-0090-087-01,3000900008715G,0,1,40.0,4.00000,M,0,0.0,0,2022-01-02 19:20:00.000
VD-41-0090-087-01,3000900008715G,0,1,40.0,4.00000,S,5,40.0,0,2022-01-02 19:20:00.000
VD-41-0090-087-01,3000900008715G,0,1,40.0,4.00000,L,0,0.0,0,2022-01-02 19:20:00.000
VD-41-0090-087-01,3000900008715G,0,1,40.0,4.00000,T,0,0.0,0,2022-01-02 19:20:00.000
VD-41-0090-087-01,3000900008715G,1,1,35.0,12.00000,M,0,0.0,0,2022-01-02 19:20:00.000
VD-41-0090-087-01,3000900008715G,1,1,35.0,12.00000,S,2,35.0,0,2022-01-02 19:20:00.000
VD-41-0090-087-01,3000900008715G,1,1,35.0,12.00000,L,4,35.0,0,2022-01-02 19:20:00.000
VD-41-0090-087-01,3000900008715G,1,1,35.0,12.00000,T,0,0.0,0,2022-01-02 19:20:00.000
VD-41-0090-087-01,3000900108714G,0,1,51.0,4.00000,M,0,0.0,0,2022-01-02 19:20:00.000
VD-41-0090-087-01,3000900108714G,0,1,51.0,4.00000,S,12,51.0,0,2022-01-02 19:20:00.000
VD-41-0090-087-01,3000900108714G,0,1,51.0,4.00000,L,0,0.0,0,2022-01-02 19:20:00.000
VD-41-0090-087-01,3000900108714G,0,1,51.0,4.00000,T,0,0.0,0,2022-01-02 19:20:00.000
VD-41-0090-087-01,3000900108714G,1,1,45.0,6.00000,M,0,0.0,0,2022-01-02 19:20:00.000
VD-41-0090-087-01,3000900108714G,1,1,45.0,6.00000,S,10,45.0,0,2022-01-02 19:20:00.000
VD-41-0090-087-01,3000900108714G,1,1,45.0,6.00000,L,0,0.0,0,2022-01-02 19:20:00.000
VD-41-0090-087-01,3000900108714G,1,1,45.0,6.00000,T,0,0.0,0,2022-01-02 19:20:00.000
VD-41-0090-088-01,3000900008867G,0,1,0.0,0.00000,M,0,0.0,0,2022-01-02 19:20:00.000
VD-41-0090-088-01,3000900008867G,0,1,0.0,0.00000,S,0,0.0,0,2022-01-02 19:20:00.000
VD-41-0090-088-01,3000900008867G,0,1,0.0,0.00000,L,0,0.0,0,2022-01-02 19:20:00.000
VD-41-0090-088-01,3000900008867G,0,1,0.0,0.00000,T,0,0.0,0,2022-01-02 19:20:00.000
VD-41-0090-088-01,3000900008867G,1,1,9.0,1.00000,M,0,0.0,0,2022-01-02 19:20:00.000
VD-41-0090-088-01,3000900008867G,1,1,9.0,1.00000,S,1,9.0,0,2022-01-02 19:20:00.000
VD-41-0090-088-01,3000900008867G,1,1,9.0,1.00000,L,0,0.0,0,2022-01-02 19:20:00.000
VD-41-0090-088-01,3000900008867G,1,1,9.0,1.00000,T,0,0.0,0,2022-01-02 19:20:00.000
VD-41-0090-088-01,3000900008867G,2,1,35.0,2.00000,M,0,0.0,0,2022-01-02 19:20:00.000
VD-41-0090-088-01,3000900008867G,2,1,35.0,2.00000,S,3,35.0,0,2022-01-02 19:20:00.000
VD-41-0090-088-01,3000900008867G,2,1,35.0,2.00000,L,2,35.0,0,2022-01-02 19:20:00.000
VD-41-0090-088-01,3000900008867G,2,1,35.0,2.00000,T,0,0.0,0,2022-01-02 19:20:00.000
VD-41-0090-088-01,3000900108853G,0,1,0.0,0.00000,M,0,0.0,0,2022-01-02 19:20:00.000
VD-41-0090-088-01,3000900108853G,0,1,0.0,0.00000,S,0,0.0,0,2022-01-02 19:20:00.000
VD-41-0090-088-01,3000900108853G,0,1,0.0,0.00000,L,0,0.0,0,2022-01-02 19:20:00.000
VD-41-0090-088-01,3000900108853G,0,1,0.0,0.00000,T,0,0.0,0,2022-01-02 19:20:00.000
VD-41-0090-088-01,3000900108853G,1,1,35.0,1.00000,M,0,0.0,0,2022-01-02 19:20:00.000
VD-41-0090-088-01,3000900108853G,1,1,35.0,1.00000,S,1,35.0,0,2022-01-02 19:20:00.000
VD-41-0090-088-01,3000900108853G,1,1,35.0,1.00000,L,2,35.0,0,2022-01-02 19:20:00.000
VD-41-0090-088-01,3000900108853G,1,1,35.0,1.00000,T,0,0.0,0,2022-01-02 19:20:00.000
VD-41-0090-088-01,3000900108853G,2,1,32.0,1.00000,M,0,0.0,0,2022-01-02 19:20:00.000
VD-41-0090-088-01,3000900108853G,2,1,32.0,1.00000,S,1,32.0,0,2022-01-02 19:20:00.000
VD-41-0090-088-01,3000900108853G,2,1,32.0,1.00000,L,0,0.0,0,2022-01-02 19:20:00.000
VD-41-0090-088-01,3000900108853G,2,1,32.0,1.00000,T,0,0.0,0,2022-01-02 19:20:00.000
VD-41-0090-090-01,3000900009085G,0,1,0.0,0.00000,M,0,0.0,0,2022-01-02 19:20:00.000
VD-41-0090-090-01,3000900009085G,0,1,0.0,0.00000,S,0,0.0,0,2022-01-02 19:20:00.000
VD-41-0090-090-01,3000900009085G,0,1,0.0,0.00000,L,0,0.0,0,2022-01-02 19:20:00.000
VD-41-0090-090-01,3000900009085G,0,1,0.0,0.00000,T,0,0.0,0,2022-01-02 19:20:00.000
VD-41-0090-090-01,3000900009085G,1,1,0.0,0.00000,M,0,0.0,0,2022-01-02 19:20:00.000
VD-41-0090-090-01,3000900009085G,1,1,0.0,0.00000,S,0,0.0,0,2022-01-02 19:20:00.000
VD-41-0090-090-01,3000900009085G,1,1,0.0,0.00000,L,0,0.0,0,2022-01-02 19:20:00.000
VD-41-0090-090-01,3000900009085G,1,1,0.0,0.00000,T,0,0.0,0,2022-01-02 19:20:00.000
VD-41-0090-090-01,3000900009085G,2,1,59.0,2.00000,M,0,0.0,0,2022-01-02 19:20:00.000
VD-41-0090-090-01,3000900009085G,2,1,59.0,2.00000,S,5,58.0,0,2022-01-02 19:20:00.000
VD-41-0090-090-01,3000900009085G,2,1,59.0,2.00000,L,0,0.0,0,2022-01-02 19:20:00.000
VD-41-0090-090-01,3000900009085G,2,1,59.0,2.00000,T,0,0.0,0,2022-01-02 19:20:00.000
VD-41-0090-091-01,3000900109216G,0,1,56.0,2.00000,M,0,0.0,0,2022-01-02 19:20:00.000
VD-41-0090-091-01,3000900109216G,0,1,56.0,2.00000,S,5,56.0,0,2022-01-02 19:20:00.000
VD-41-0090-091-01,3000900109216G,0,1,56.0,2.00000,L,0,0.0,0,2022-01-02 19:20:00.000
VD-41-0090-091-01,3000900109216G,0,1,56.0,2.00000,T,0,0.0,0,2022-01-02 19:20:00.000
VD-41-0090-091-01,3000900109216G,1,1,38.0,6.00000,M,0,0.0,0,2022-01-02 19:20:00.000
VD-41-0090-091-01,3000900109216G,1,1,38.0,6.00000,S,12,38.0,0,2022-01-02 19:20:00.000
VD-41-0090-091-01,3000900109216G,1,1,38.0,6.00000,L,0,0.0,0,2022-01-02 19:20:00.000
VD-41-0090-091-01,3000900109216G,1,1,38.0,6.00000,T,0,0.0,0,2022-01-02 19:20:00.000
VD-41-0090-091-01,3000900009216G,0,1,49.0,1.00000,M,0,0.0,0,2022-01-02 19:20:00.000
VD-41-0090-091-01,3000900009216G,0,1,49.0,1.00000,S,6,49.0,0,2022-01-02 19:20:00.000
VD-41-0090-091-01,3000900009216G,0,1,49.0,1.00000,L,0,0.0,0,2022-01-02 19:20:00.000
VD-41-0090-091-01,3000900009216G,0,1,49.0,1.00000,T,0,0.0,0,2022-01-02 19:20:00.000
VD-41-0090-091-01,3000900009216G,1,1,20.0,1.00000,M,0,0.0,0,2022-01-02 19:20:00.000
VD-41-0090-091-01,3000900009216G,1,1,20.0,1.00000,S,2,20.0,0,2022-01-02 19:20:00.000
VD-41-0090-091-01,3000900009216G,1,1,20.0,1.00000,L,0,0.0,0,2022-01-02 19:20:00.000
VD-41-0090-091-01,3000900009216G,1,1,20.0,1.00000,T,0,0.0,0,2022-01-02 19:20:00.000
VD-41-0090-092-01,3000900009275G,0,1,56.0,1.00000,M,0,0.0,0,2022-01-02 19:20:00.000
VD-41-0090-092-01,3000900009275G,0,1,56.0,1.00000,S,4,56.0,0,2022-01-02 19:20:00.000
VD-41-0090-092-01,3000900009275G,0,1,56.0,1.00000,L,0,0.0,0,2022-01-02 19:20:00.000
VD-41-0090-092-01,3000900009275G,0,1,56.0,1.00000,T,0,0.0,0,2022-01-02 19:20:00.000
VD-41-0090-092-01,3000900009275G,1,1,59.0,1.00000,M,0,0.0,0,2022-01-02 19:20:00.000
VD-41-0090-092-01,3000900009275G,1,1,59.0,1.00000,S,2,59.0,0,2022-01-02 19:20:00.000
VD-41-0090-092-01,3000900009275G,1,1,59.0,1.00000,L,0,0.0,0,2022-01-02 19:20:00.000
VD-41-0090-092-01,3000900009275G,1,1,59.0,1.00000,T,0,0.0,0,2022-01-02 19:20:00.000
VD-41-0090-092-01,3000900109256G,0,1,65.0,2.00000,M,0,0.0,0,2022-01-02 19:20:00.000
VD-41-0090-092-01,3000900109256G,0,1,65.0,2.00000,S,7,65.0,0,2022-01-02 19:20:00.000
VD-41-0090-092-01,3000900109256G,0,1,65.0,2.00000,L,0,0.0,0,2022-01-02 19:20:00.000
VD-41-0090-092-01,3000900109256G,0,1,65.0,2.00000,T,0,0.0,0,2022-01-02 19:20:00.000
VD-41-0090-092-01,3000900109256G,1,1,61.0,3.00000,M,0,0.0,0,2022-01-02 19:20:00.000
VD-41-0090-092-01,3000900109256G,1,1,61.0,3.00000,S,6,61.0,0,2022-01-02 19:20:00.000
VD-41-0090-092-01,3000900109256G,1,1,61.0,3.00000,L,0,0.0,0,2022-01-02 19:20:00.000
VD-41-0090-092-01,3000900109256G,1,1,61.0,3.00000,T,0,0.0,0,2022-01-02 19:20:00.000
VD-41-0090-093-01,3000900009275G,0,1,59.0,1.00000,M,0,0.0,0,2022-01-02 19:20:00.000
VD-41-0090-093-01,3000900009275G,0,1,59.0,1.00000,S,2,59.0,0,2022-01-02 19:20:00.000
VD-41-0090-093-01,3000900009275G,0,1,59.0,1.00000,L,0,0.0,0,2022-01-02 19:20:00.000
VD-41-0090-093-01,3000900009275G,0,1,59.0,1.00000,T,0,0.0,0,2022-01-02 19:20:00.000
VD-41-0090-093-01,3000900009275G,1,1,45.0,3.00000,M,0,0.0,0,2022-01-02 19:20:00.000
VD-41-0090-093-01,3000900009275G,1,1,45.0,3.00000,S,4,45.0,0,2022-01-02 19:20:00.000
VD-41-0090-093-01,3000900009275G,1,1,45.0,3.00000,L,0,0.0,0,2022-01-02 19:20:00.000
VD-41-0090-093-01,3000900009275G,1,1,45.0,3.00000,T,0,0.0,0,2022-01-02 19:20:00.000
VD-41-0090-093-01,3000900109256G,0,1,74.0,1.00000,M,0,0.0,0,2022-01-02 19:20:00.000
VD-41-0090-093-01,3000900109256G,0,1,74.0,1.00000,S,3,74.0,0,2022-01-02 19:20:00.000
VD-41-0090-093-01,3000900109256G,0,1,74.0,1.00000,L,0,0.0,0,2022-01-02 19:20:00.000
VD-41-0090-093-01,3000900109256G,0,1,74.0,1.00000,T,0,0.0,0,2022-01-02 19:20:00.000
VD-41-0090-093-01,3000900109256G,1,1,59.0,2.00000,M,0,0.0,0,2022-01-02 19:20:00.000
VD-41-0090-093-01,3000900109256G,1,1,59.0,2.00000,S,4,59.0,0,2022-01-02 19:20:00.000
VD-41-0090-093-01,3000900109256G,1,1,59.0,2.00000,L,0,0.0,0,2022-01-02 19:20:00.000
VD-41-0090-093-01,3000900109256G,1,1,59.0,2.00000,T,0,0.0,0,2022-01-02 19:20:00.000
VD-42-0090-099-01,3000900109926G,0,1,49.0,3.00000,M,0,0.0,0,2022-01-02 19:20:00.000
VD-42-0090-099-01,3000900109926G,0,1,49.0,3.00000,S,4,49.0,0,2022-01-02 19:20:00.000
VD-42-0090-099-01,3000900109926G,0,1,49.0,3.00000,L,0,0.0,0,2022-01-02 19:20:00.000
VD-42-0090-099-01,3000900109926G,0,1,49.0,3.00000,T,0,0.0,0,2022-01-02 19:20:00.000
VD-42-0090-099-01,3000900109926G,1,1,27.0,2.00000,M,0,0.0,0,2022-01-02 19:20:00.000
VD-42-0090-099-01,3000900109926G,1,1,27.0,2.00000,S,2,27.0,0,2022-01-02 19:20:00.000
VD-42-0090-099-01,3000900109926G,1,1,27.0,2.00000,L,0,0.0,0,2022-01-02 19:20:00.000
VD-42-0090-099-01,3000900109926G,1,1,27.0,2.00000,T,0,0.0,0,2022-01-02 19:20:00.000
VD-42-0090-099-01,3000900009926G,0,1,43.0,1.00000,M,0,0.0,0,2022-01-02 19:20:00.000
VD-42-0090-099-01,3000900009926G,0,1,43.0,1.00000,S,3,43.0,0,2022-01-02 19:20:00.000
VD-42-0090-099-01,3000900009926G,0,1,43.0,1.00000,L,0,0.0,0,2022-01-02 19:20:00.000
VD-42-0090-099-01,3000900009926G,0,1,43.0,1.00000,T,0,0.0,0,2022-01-02 19:20:00.000
VD-42-0090-099-01,3000900009926G,1,1,53.0,1.00000,M,0,0.0,0,2022-01-02 19:20:00.000
VD-42-0090-099-01,3000900009926G,1,1,53.0,1.00000,S,2,53.0,0,2022-01-02 19:20:00.000
VD-42-0090-099-01,3000900009926G,1,1,53.0,1.00000,L,0,0.0,0,2022-01-02 19:20:00.000
VD-42-0090-099-01,3000900009926G,1,1,53.0,1.00000,T,0,0.0,0,2022-01-02 19:20:00.000
VD-42-0090-101-01,3000900010083G,0,1,59.0,2.00000,M,0,0.0,0,2022-01-02 19:20:00.000
VD-42-0090-101-01,3000900010083G,0,1,59.0,2.00000,S,5,59.0,0,2022-01-02 19:20:00.000
VD-42-0090-101-01,3000900010083G,0,1,59.0,2.00000,L,0,0.0,0,2022-01-02 19:20:00.000
VD-42-0090-101-01,3000900010083G,0,1,59.0,2.00000,T,0,0.0,0,2022-01-02 19:20:00.000
VD-42-0090-101-01,3000900010083G,1,1,65.0,1.00000,M,0,0.0,0,2022-01-02 19:20:00.000
VD-42-0090-101-01,3000900010083G,1,1,65.0,1.00000,S,3,65.0,0,2022-01-02 19:20:00.000
VD-42-0090-101-01,3000900010083G,1,1,65.0,1.00000,L,0,0.0,0,2022-01-02 19:20:00.000
VD-42-0090-101-01,3000900010083G,1,1,65.0,1.00000,T,0,0.0,0,2022-01-02 19:20:00.000
VD-42-0090-101-01,3000900110084G,0,1,0.0,0.00000,M,0,0.0,0,2022-01-02 19:20:00.000
VD-42-0090-101-01,3000900110084G,0,1,0.0,0.00000,S,0,0.0,0,2022-01-02 19:20:00.000
VD-42-0090-101-01,3000900110084G,0,1,0.0,0.00000,L,0,0.0,0,2022-01-02 19:20:00.000
VD-42-0090-101-01,3000900110084G,0,1,0.0,0.00000,T,0,0.0,0,2022-01-02 19:20:00.000
VD-42-0090-101-01,3000900110084G,1,1,41.0,1.00000,M,0,0.0,0,2022-01-02 19:20:00.000
VD-42-0090-101-01,3000900110084G,1,1,41.0,1.00000,S,2,41.0,0,2022-01-02 19:20:00.000
VD-42-0090-101-01,3000900110084G,1,1,41.0,1.00000,L,0,0.0,0,2022-01-02 19:20:00.000
VD-42-0090-101-01,3000900110084G,1,1,41.0,1.00000,T,0,0.0,0,2022-01-02 19:20:00.000
VD-42-0090-103-01,3000900010380G,0,1,0.0,0.00000,M,0,0.0,0,2022-01-02 19:20:00.000
VD-42-0090-103-01,3000900010380G,0,1,0.0,0.00000,S,0,0.0,0,2022-01-02 19:20:00.000
VD-42-0090-103-01,3000900010380G,0,1,0.0,0.00000,L,0,0.0,0,2022-01-02 19:20:00.000
VD-42-0090-103-01,3000900010380G,0,1,0.0,0.00000,T,0,0.0,0,2022-01-02 19:20:00.000
VD-42-0090-103-01,3000900010380G,1,1,71.0,2.00000,M,0,0.0,0,2022-01-02 19:20:00.000
VD-42-0090-103-01,3000900010380G,1,1,71.0,2.00000,S,1,71.0,0,2022-01-02 19:20:00.000
VD-42-0090-103-01,3000900010380G,1,1,71.0,2.00000,L,0,0.0,0,2022-01-02 19:20:00.000
VD-42-0090-103-01,3000900010380G,1,1,71.0,2.00000,T,0,0.0,0,2022-01-02 19:20:00.000
VD-42-0090-103-01,3000900010380G,2,1,61.0,3.00000,M,0,0.0,0,2022-01-02 19:20:00.000
VD-42-0090-103-01,3000900010380G,2,1,61.0,3.00000,S,1,61.0,0,2022-01-02 19:20:00.000
VD-42-0090-103-01,3000900010380G,2,1,61.0,3.00000,L,0,0.0,0,2022-01-02 19:20:00.000
VD-42-0090-103-01,3000900010380G,2,1,61.0,3.00000,T,0,0.0,0,2022-01-02 19:20:00.000
VD-42-0090-104-02,3000900010412G,0,1,47.0,13.00000,M,0,0.0,0,2022-01-02 19:20:00.000
VD-42-0090-104-02,3000900010412G,0,1,47.0,13.00000,S,5,47.0,0,2022-01-02 19:20:00.000
VD-42-0090-104-02,3000900010412G,0,1,47.0,13.00000,L,0,0.0,0,2022-01-02 19:20:00.000
VD-42-0090-104-02,3000900010412G,0,1,47.0,13.00000,T,0,0.0,0,2022-01-02 19:20:00.000
VD-42-0090-104-02,3000900010412G,1,1,0.0,0.00000,M,0,0.0,0,2022-01-02 19:20:00.000
VD-42-0090-104-02,3000900010412G,1,1,0.0,0.00000,S,0,0.0,0,2022-01-02 19:20:00.000
VD-42-0090-104-02,3000900010412G,1,1,0.0,0.00000,L,0,0.0,0,2022-01-02 19:20:00.000
VD-42-0090-104-02,3000900010412G,1,1,0.0,0.00000,T,0,0.0,0,2022-01-02 19:20:00.000
VD-42-0090-104-04,3000900010418G,0,1,55.0,1.00000,M,0,0.0,0,2022-01-02 19:20:00.000
VD-42-0090-104-04,3000900010418G,0,1,55.0,1.00000,S,5,55.0,0,2022-01-02 19:20:00.000
VD-42-0090-104-04,3000900010418G,0,1,55.0,1.00000,L,0,0.0,0,2022-01-02 19:20:00.000
VD-42-0090-104-04,3000900010418G,0,1,55.0,1.00000,T,0,0.0,0,2022-01-02 19:20:00.000
VD-42-0090-104-04,3000900010418G,1,1,57.0,1.00000,M,0,0.0,0,2022-01-02 19:20:00.000
VD-42-0090-104-04,3000900010418G,1,1,57.0,1.00000,S,0,0.0,0,2022-01-02 19:20:00.000
VD-42-0090-104-04,3000900010418G,1,1,57.0,1.00000,L,1,57.0,0,2022-01-02 19:20:00.000
VD-42-0090-104-04,3000900010418G,1,1,57.0,1.00000,T,0,0.0,0,2022-01-02 19:20:00.000
VD-42-0090-104-05,3000900010444G,0,1,40.0,1.00000,M,0,0.0,0,2022-01-02 19:20:00.000
VD-42-0090-104-05,3000900010444G,0,1,40.0,1.00000,S,0,0.0,0,2022-01-02 19:20:00.000
VD-42-0090-104-05,3000900010444G,0,1,40.0,1.00000,L,1,40.0,0,2022-01-02 19:20:00.000
VD-42-0090-104-05,3000900010444G,0,1,40.0,1.00000,T,0,0.0,0,2022-01-02 19:20:00.000
VD-42-0090-104-06,3000900010444G,0,1,-99.0,-99.00000,M,-99,-99.0,0,2022-01-02 19:20:00.000
VD-42-0090-104-06,3000900010444G,0,1,-99.0,-99.00000,S,-99,-99.0,0,2022-01-02 19:20:00.000
VD-42-0090-104-06,3000900010444G,0,1,-99.0,-99.00000,L,-99,-99.0,0,2022-01-02 19:20:00.000
VD-42-0090-104-06,3000900010444G,0,1,-99.0,-99.00000,T,-99,-99.0,0,2022-01-02 19:20:00.000
VD-42-0090-104-06,3000900010444G,1,1,-99.0,-99.00000,M,-99,-99.0,0,2022-01-02 19:20:00.000
VD-42-0090-104-06,3000900010444G,1,1,-99.0,-99.00000,S,-99,-99.0,0,2022-01-02 19:20:00.000
VD-42-0090-104-06,3000900010444G,1,1,-99.0,-99.00000,L,-99,-99.0,0,2022-01-02 19:20:00.000
VD-42-0090-104-06,3000900010444G,1,1,-99.0,-99.00000,T,-99,-99.0,0,2022-01-02 19:20:00.000
VD-42-0090-104-07,3000900010444G,0,1,38.0,2.00000,M,0,0.0,0,2022-01-02 19:20:00.000
VD-42-0090-104-07,3000900010444G,0,1,38.0,2.00000,S,0,0.0,0,2022-01-02 19:20:00.000
VD-42-0090-104-07,3000900010444G,0,1,38.0,2.00000,L,1,38.0,0,2022-01-02 19:20:00.000
VD-42-0090-104-07,3000900010444G,0,1,38.0,2.00000,T,0,0.0,0,2022-01-02 19:20:00.000
VD-42-0090-104-09,3000900010444G,0,1,49.0,13.00000,M,0,0.0,0,2022-01-02 19:20:00.000
VD-42-0090-104-09,3000900010444G,0,1,49.0,13.00000,S,7,49.0,0,2022-01-02 19:20:00.000
VD-42-0090-104-09,3000900010444G,0,1,49.0,13.00000,L,0,0.0,0,2022-01-02 19:20:00.000
VD-42-0090-104-09,3000900010444G,0,1,49.0,13.00000,T,0,0.0,0,2022-01-02 19:20:00.000
VD-42-0090-107-02,3000900010624G,0,1,54.0,22.00000,M,0,0.0,0,2022-01-02 19:20:00.000
VD-42-0090-107-02,3000900010624G,0,1,54.0,22.00000,S,5,54.0,0,2022-01-02 19:20:00.000
VD-42-0090-107-02,3000900010624G,0,1,54.0,22.00000,L,0,0.0,0,2022-01-02 19:20:00.000
VD-42-0090-107-02,3000900010624G,0,1,54.0,22.00000,T,0,0.0,0,2022-01-02 19:20:00.000
VD-42-0090-108-02,3000900010792G,0,1,61.0,1.00000,M,0,0.0,0,2022-01-02 19:20:00.000
VD-42-0090-108-02,3000900010792G,0,1,61.0,1.00000,S,3,61.0,0,2022-01-02 19:20:00.000
VD-42-0090-108-02,3000900010792G,0,1,61.0,1.00000,L,0,0.0,0,2022-01-02 19:20:00.000
VD-42-0090-108-02,3000900010792G,0,1,61.0,1.00000,T,0,0.0,0,2022-01-02 19:20:00.000
VD-42-0090-108-02,3000900010792G,1,1,0.0,0.00000,M,0,0.0,0,2022-01-02 19:20:00.000
VD-42-0090-108-02,3000900010792G,1,1,0.0,0.00000,S,0,0.0,0,2022-01-02 19:20:00.000
VD-42-0090-108-02,3000900010792G,1,1,0.0,0.00000,L,0,0.0,0,2022-01-02 19:20:00.000
VD-42-0090-108-02,3000900010792G,1,1,0.0,0.00000,T,0,0.0,0,2022-01-02 19:20:00.000
VD-42-0090-109-04,3000900010792G,0,1,-99.0,-99.00000,M,-99,-99.0,0,2022-01-02 19:20:00.000
VD-42-0090-109-04,3000900010792G,0,1,-99.0,-99.00000,S,-99,-99.0,0,2022-01-02 19:20:00.000
VD-42-0090-109-04,3000900010792G,0,1,-99.0,-99.00000,L,-99,-99.0,0,2022-01-02 19:20:00.000
VD-42-0090-109-04,3000900010792G,0,1,-99.0,-99.00000,T,-99,-99.0,0,2022-01-02 19:20:00.000
VD-42-0090-109-02,3000900010792G,0,1,71.0,1.00000,M,0,0.0,0,2022-01-02 19:20:00.000
VD-42-0090-109-02,3000900010792G,0,1,71.0,1.00000,S,5,71.0,0,2022-01-02 19:20:00.000
VD-42-0090-109-02,3000900010792G,0,1,71.0,1.00000,L,0,0.0,0,2022-01-02 19:20:00.000
VD-42-0090-109-02,3000900010792G,0,1,71.0,1.00000,T,0,0.0,0,2022-01-02 19:20:00.000
VD-42-0090-109-02,3000900010792G,1,1,0.0,0.00000,M,0,0.0,0,2022-01-02 19:20:00.000
VD-42-0090-109-02,3000900010792G,1,1,0.0,0.00000,S,0,0.0,0,2022-01-02 19:20:00.000
VD-42-0090-109-02,3000900010792G,1,1,0.0,0.00000,L,0,0.0,0,2022-01-02 19:20:00.000
VD-42-0090-109-02,3000900010792G,1,1,0.0,0.00000,T,0,0.0,0,2022-01-02 19:20:00.000
VD-42-0090-110-04,3000900010792G,0,1,-99.0,-99.00000,M,-99,-99.0,0,2022-01-02 19:20:00.000
VD-42-0090-110-04,3000900010792G,0,1,-99.0,-99.00000,S,-99,-99.0,0,2022-01-02 19:20:00.000
VD-42-0090-110-04,3000900010792G,0,1,-99.0,-99.00000,L,-99,-99.0,0,2022-01-02 19:20:00.000
VD-42-0090-110-04,3000900010792G,0,1,-99.0,-99.00000,T,-99,-99.0,0,2022-01-02 19:20:00.000
VD-42-0090-110-02,3000900010792G,0,1,60.0,1.00000,M,0,0.0,0,2022-01-02 19:20:00.000
VD-42-0090-110-02,3000900010792G,0,1,60.0,1.00000,S,1,60.0,0,2022-01-02 19:20:00.000
VD-42-0090-110-02,3000900010792G,0,1,60.0,1.00000,L,0,0.0,0,2022-01-02 19:20:00.000
VD-42-0090-110-02,3000900010792G,0,1,60.0,1.00000,T,0,0.0,0,2022-01-02 19:20:00.000
VD-42-0090-110-02,3000900010792G,1,1,0.0,0.00000,M,0,0.0,0,2022-01-02 19:20:00.000
VD-42-0090-110-02,3000900010792G,1,1,0.0,0.00000,S,0,0.0,0,2022-01-02 19:20:00.000
VD-42-0090-110-02,3000900010792G,1,1,0.0,0.00000,L,0,0.0,0,2022-01-02 19:20:00.000
VD-42-0090-110-02,3000900010792G,1,1,0.0,0.00000,T,0,0.0,0,2022-01-02 19:20:00.000
VD-42-0090-112-02,3000900011270G,0,1,70.0,1.00000,M,0,0.0,0,2022-01-02 19:20:00.000
VD-42-0090-112-02,3000900011270G,0,1,70.0,1.00000,S,1,70.0,0,2022-01-02 19:20:00.000
VD-42-0090-112-02,3000900011270G,0,1,70.0,1.00000,L,0,0.0,0,2022-01-02 19:20:00.000
VD-42-0090-112-02,3000900011270G,0,1,70.0,1.00000,T,0,0.0,0,2022-01-02 19:20:00.000
VD-42-0090-112-02,3000900011270G,1,1,0.0,0.00000,M,0,0.0,0,2022-01-02 19:20:00.000
VD-42-0090-112-02,3000900011270G,1,1,0.0,0.00000,S,0,0.0,0,2022-01-02 19:20:00.000
VD-42-0090-112-02,3000900011270G,1,1,0.0,0.00000,L,0,0.0,0,2022-01-02 19:20:00.000
VD-42-0090-112-02,3000900011270G,1,1,0.0,0.00000,T,0,0.0,0,2022-01-02 19:20:00.000
VD-42-0090-113-05,3000900011292G,0,1,0.0,0.00000,M,0,0.0,0,2022-01-02 19:20:00.000
VD-42-0090-113-05,3000900011292G,0,1,0.0,0.00000,S,0,0.0,0,2022-01-02 19:20:00.000
VD-42-0090-113-05,3000900011292G,0,1,0.0,0.00000,L,0,0.0,0,2022-01-02 19:20:00.000
VD-42-0090-113-05,3000900011292G,0,1,0.0,0.00000,T,0,0.0,0,2022-01-02 19:20:00.000
VD-42-0090-113-05,3000900011292G,1,1,65.0,4.00000,M,0,0.0,0,2022-01-02 19:20:00.000
VD-42-0090-113-05,3000900011292G,1,1,65.0,4.00000,S,3,65.0,0,2022-01-02 19:20:00.000
VD-42-0090-113-05,3000900011292G,1,1,65.0,4.00000,L,0,0.0,0,2022-01-02 19:20:00.000
VD-42-0090-113-05,3000900011292G,1,1,65.0,4.00000,T,0,0.0,0,2022-01-02 19:20:00.000
VD-42-0090-117-02,3000900011750G,0,1,53.0,3.00000,M,0,0.0,0,2022-01-02 19:20:00.000
VD-42-0090-117-02,3000900011750G,0,1,53.0,3.00000,S,4,53.0,0,2022-01-02 19:20:00.000
VD-42-0090-117-02,3000900011750G,0,1,53.0,3.00000,L,0,0.0,0,2022-01-02 19:20:00.000
VD-42-0090-117-02,3000900011750G,0,1,53.0,3.00000,T,0,0.0,0,2022-01-02 19:20:00.000
VD-42-0090-125-02,3000900112450G,0,1,0.0,0.00000,M,0,0.0,0,2022-01-02 19:20:00.000
VD-42-0090-125-02,3000900112450G,0,1,0.0,0.00000,S,0,0.0,0,2022-01-02 19:20:00.000
VD-42-0090-125-02,3000900112450G,0,1,0.0,0.00000,L,0,0.0,0,2022-01-02 19:20:00.000
VD-42-0090-125-02,3000900112450G,0,1,0.0,0.00000,T,0,0.0,0,2022-01-02 19:20:00.000
VD-42-0090-125-03,3000900012548G,0,1,55.0,13.00000,M,0,0.0,3,2022-01-02 19:20:00.000
VD-42-0090-125-03,3000900012548G,0,1,55.0,13.00000,S,2,61.0,3,2022-01-02 19:20:00.000
VD-42-0090-125-03,3000900012548G,0,1,55.0,13.00000,L,1,43.0,3,2022-01-02 19:20:00.000
VD-42-0090-125-03,3000900012548G,0,1,55.0,13.00000,T,0,0.0,3,2022-01-02 19:20:00.000
VD-42-0090-126-01,3000900012548G,0,1,0.0,0.00000,M,0,0.0,0,2022-01-02 19:20:00.000
VD-42-0090-126-01,3000900012548G,0,1,0.0,0.00000,S,0,0.0,0,2022-01-02 19:20:00.000
VD-42-0090-126-01,3000900012548G,0,1,0.0,0.00000,L,0,0.0,0,2022-01-02 19:20:00.000
VD-42-0090-126-01,3000900012548G,0,1,0.0,0.00000,T,0,0.0,0,2022-01-02 19:20:00.000
VD-42-0090-126-02,3000900012619G,0,1,0.0,0.00000,M,0,0.0,0,2022-01-02 19:20:00.000
VD-42-0090-126-02,3000900012619G,0,1,0.0,0.00000,S,0,0.0,0,2022-01-02 19:20:00.000
VD-42-0090-126-02,3000900012619G,0,1,0.0,0.00000,L,0,0.0,0,2022-01-02 19:20:00.000
VD-42-0090-126-02,3000900012619G,0,1,0.0,0.00000,T,0,0.0,0,2022-01-02 19:20:00.000
VD-42-0090-126-03,3000900012619G,0,1,0.0,0.00000,M,0,0.0,0,2022-01-02 19:20:00.000
VD-42-0090-126-03,3000900012619G,0,1,0.0,0.00000,S,0,0.0,0,2022-01-02 19:20:00.000
VD-42-0090-126-03,3000900012619G,0,1,0.0,0.00000,L,0,0.0,0,2022-01-02 19:20:00.000
VD-42-0090-126-03,3000900012619G,0,1,0.0,0.00000,T,0,0.0,0,2022-01-02 19:20:00.000
VD-42-0090-127-02,3000900012718G,0,1,0.0,0.00000,M,0,0.0,0,2022-01-02 19:20:00.000
VD-42-0090-127-02,3000900012718G,0,1,0.0,0.00000,S,0,0.0,0,2022-01-02 19:20:00.000
VD-42-0090-127-02,3000900012718G,0,1,0.0,0.00000,L,0,0.0,0,2022-01-02 19:20:00.000
VD-42-0090-127-02,3000900012718G,0,1,0.0,0.00000,T,0,0.0,0,2022-01-02 19:20:00.000
VD-42-0090-128-04,3000900012718G,0,1,67.0,1.00000,M,0,0.0,0,2022-01-02 19:20:00.000
VD-42-0090-128-04,3000900012718G,0,1,67.0,1.00000,S,2,67.0,0,2022-01-02 19:20:00.000
VD-42-0090-128-04,3000900012718G,0,1,67.0,1.00000,L,0,0.0,0,2022-01-02 19:20:00.000
VD-42-0090-128-04,3000900012718G,0,1,67.0,1.00000,T,0,0.0,0,2022-01-02 19:20:00.000
VD-42-0090-128-04,3000900012718G,1,1,0.0,0.00000,M,0,0.0,0,2022-01-02 19:20:00.000
VD-42-0090-128-04,3000900012718G,1,1,0.0,0.00000,S,0,0.0,0,2022-01-02 19:20:00.000
VD-42-0090-128-04,3000900012718G,1,1,0.0,0.00000,L,0,0.0,0,2022-01-02 19:20:00.000
VD-42-0090-128-04,3000900012718G,1,1,0.0,0.00000,T,0,0.0,0,2022-01-02 19:20:00.000
VD-42-0090-128-02,3000900012718G,0,1,73.0,5.00000,M,0,0.0,0,2022-01-02 19:20:00.000
VD-42-0090-128-02,3000900012718G,0,1,73.0,5.00000,S,4,73.0,0,2022-01-02 19:20:00.000
VD-42-0090-128-02,3000900012718G,0,1,73.0,5.00000,L,0,0.0,0,2022-01-02 19:20:00.000
VD-42-0090-128-02,3000900012718G,0,1,73.0,5.00000,T,0,0.0,0,2022-01-02 19:20:00.000
VD-42-0090-129-02,3000900012908G,0,1,59.0,3.00000,M,0,0.0,0,2022-01-02 19:20:00.000
VD-42-0090-129-02,3000900012908G,0,1,59.0,3.00000,S,18,59.0,0,2022-01-02 19:20:00.000
VD-42-0090-129-02,3000900012908G,0,1,59.0,3.00000,L,0,0.0,0,2022-01-02 19:20:00.000
VD-42-0090-129-02,3000900012908G,0,1,59.0,3.00000,T,0,0.0,0,2022-01-02 19:20:00.000
VD-42-0090-129-02,3000900012908G,1,1,0.0,0.00000,M,0,0.0,0,2022-01-02 19:20:00.000
VD-42-0090-129-02,3000900012908G,1,1,0.0,0.00000,S,0,0.0,0,2022-01-02 19:20:00.000
VD-42-0090-129-02,3000900012908G,1,1,0.0,0.00000,L,0,0.0,0,2022-01-02 19:20:00.000
VD-42-0090-129-02,3000900012908G,1,1,0.0,0.00000,T,0,0.0,0,2022-01-02 19:20:00.000
VD-42-0090-130-05,3000900012908G,0,1,-99.0,255.00000,M,0,0.0,0,2022-01-02 19:20:00.000
VD-42-0090-130-05,3000900012908G,0,1,-99.0,255.00000,S,255,255.0,0,2022-01-02 19:20:00.000
VD-42-0090-130-05,3000900012908G,0,1,-99.0,255.00000,L,255,255.0,0,2022-01-02 19:20:00.000
VD-42-0090-130-05,3000900012908G,0,1,-99.0,255.00000,T,255,255.0,0,2022-01-02 19:20:00.000
VD-42-0090-130-03,3000900013008G,0,1,52.0,1.00000,M,0,0.0,0,2022-01-02 19:20:00.000
VD-42-0090-130-03,3000900013008G,0,1,52.0,1.00000,S,3,52.0,0,2022-01-02 19:20:00.000
VD-42-0090-130-03,3000900013008G,0,1,52.0,1.00000,L,0,0.0,0,2022-01-02 19:20:00.000
VD-42-0090-130-03,3000900013008G,0,1,52.0,1.00000,T,0,0.0,0,2022-01-02 19:20:00.000
VD-42-0090-130-03,3000900013008G,1,1,0.0,0.00000,M,0,0.0,0,2022-01-02 19:20:00.000
VD-42-0090-130-03,3000900013008G,1,1,0.0,0.00000,S,0,0.0,0,2022-01-02 19:20:00.000
VD-42-0090-130-03,3000900013008G,1,1,0.0,0.00000,L,0,0.0,0,2022-01-02 19:20:00.000
VD-42-0090-130-03,3000900013008G,1,1,0.0,0.00000,T,0,0.0,0,2022-01-02 19:20:00.000
VD-42-0090-131-04,3000900013008G,0,1,0.0,0.00000,M,0,0.0,0,2022-01-02 19:20:00.000
VD-42-0090-131-04,3000900013008G,0,1,0.0,0.00000,S,0,0.0,0,2022-01-02 19:20:00.000
VD-42-0090-131-04,3000900013008G,0,1,0.0,0.00000,L,0,0.0,0,2022-01-02 19:20:00.000
VD-42-0090-131-04,3000900013008G,0,1,0.0,0.00000,T,0,0.0,0,2022-01-02 19:20:00.000
VD-42-0090-132-02,3000900013108G,0,1,111.0,1.00000,M,0,0.0,0,2022-01-02 19:20:00.000
VD-42-0090-132-02,3000900013108G,0,1,111.0,1.00000,S,5,111.0,0,2022-01-02 19:20:00.000
VD-42-0090-132-02,3000900013108G,0,1,111.0,1.00000,L,0,0.0,0,2022-01-02 19:20:00.000
VD-42-0090-132-02,3000900013108G,0,1,111.0,1.00000,T,0,0.0,0,2022-01-02 19:20:00.000
VD-42-0090-132-02,3000900013108G,1,1,0.0,0.00000,M,0,0.0,0,2022-01-02 19:20:00.000
VD-42-0090-132-02,3000900013108G,1,1,0.0,0.00000,S,0,0.0,0,2022-01-02 19:20:00.000
VD-42-0090-132-02,3000900013108G,1,1,0.0,0.00000,L,0,0.0,0,2022-01-02 19:20:00.000
VD-42-0090-132-02,3000900013108G,1,1,0.0,0.00000,T,0,0.0,0,2022-01-02 19:20:00.000
VD-42-0090-133-02,3000900013208G,0,1,-99.0,255.00000,M,0,0.0,0,2022-01-02 19:20:00.000
VD-42-0090-133-02,3000900013208G,0,1,-99.0,255.00000,S,255,255.0,0,2022-01-02 19:20:00.000
VD-42-0090-133-02,3000900013208G,0,1,-99.0,255.00000,L,255,255.0,0,2022-01-02 19:20:00.000
VD-42-0090-133-02,3000900013208G,0,1,-99.0,255.00000,T,255,255.0,0,2022-01-02 19:20:00.000
VD-42-0090-133-04,3000900013208G,0,1,58.0,1.00000,M,0,0.0,0,2022-01-02 19:20:00.000
VD-42-0090-133-04,3000900013208G,0,1,58.0,1.00000,S,2,58.0,0,2022-01-02 19:20:00.000
VD-42-0090-133-04,3000900013208G,0,1,58.0,1.00000,L,0,0.0,0,2022-01-02 19:20:00.000
VD-42-0090-133-04,3000900013208G,0,1,58.0,1.00000,T,0,0.0,0,2022-01-02 19:20:00.000
VD-42-0090-133-04,3000900013208G,1,1,0.0,0.00000,M,0,0.0,0,2022-01-02 19:20:00.000
VD-42-0090-133-04,3000900013208G,1,1,0.0,0.00000,S,0,0.0,0,2022-01-02 19:20:00.000
VD-42-0090-133-04,3000900013208G,1,1,0.0,0.00000,L,0,0.0,0,2022-01-02 19:20:00.000
VD-42-0090-133-04,3000900013208G,1,1,0.0,0.00000,T,0,0.0,0,2022-01-02 19:20:00.000
VD-42-0090-134-04,3000900013208G,0,1,-99.0,255.00000,M,0,0.0,0,2022-01-02 19:20:00.000
VD-42-0090-134-04,3000900013208G,0,1,-99.0,255.00000,S,255,255.0,0,2022-01-02 19:20:00.000
VD-42-0090-134-04,3000900013208G,0,1,-99.0,255.00000,L,255,255.0,0,2022-01-02 19:20:00.000
VD-42-0090-134-04,3000900013208G,0,1,-99.0,255.00000,T,255,255.0,0,2022-01-02 19:20:00.000
VD-42-0090-135-02,3000900013208G,0,1,68.0,1.00000,M,0,0.0,0,2022-01-02 19:20:00.000
VD-42-0090-135-02,3000900013208G,0,1,68.0,1.00000,S,3,68.0,0,2022-01-02 19:20:00.000
VD-42-0090-135-02,3000900013208G,0,1,68.0,1.00000,L,0,0.0,0,2022-01-02 19:20:00.000
VD-42-0090-135-02,3000900013208G,0,1,68.0,1.00000,T,0,0.0,0,2022-01-02 19:20:00.000
VD-42-0090-135-02,3000900013208G,1,1,0.0,0.00000,M,0,0.0,0,2022-01-02 19:20:00.000
VD-42-0090-135-02,3000900013208G,1,1,0.0,0.00000,S,0,0.0,0,2022-01-02 19:20:00.000
VD-42-0090-135-02,3000900013208G,1,1,0.0,0.00000,L,0,0.0,0,2022-01-02 19:20:00.000
VD-42-0090-135-02,3000900013208G,1,1,0.0,0.00000,T,0,0.0,0,2022-01-02 19:20:00.000
VD-42-0090-135-04,3000900013508G,0,1,-99.0,255.00000,M,0,0.0,0,2022-01-02 19:20:00.000
VD-42-0090-135-04,3000900013508G,0,1,-99.0,255.00000,S,255,255.0,0,2022-01-02 19:20:00.000
VD-42-0090-135-04,3000900013508G,0,1,-99.0,255.00000,L,255,255.0,0,2022-01-02 19:20:00.000
VD-42-0090-135-04,3000900013508G,0,1,-99.0,255.00000,T,255,255.0,0,2022-01-02 19:20:00.000
VD-42-0090-136-02,3000900013508G,0,1,60.0,1.00000,M,0,0.0,0,2022-01-02 19:20:00.000
VD-42-0090-136-02,3000900013508G,0,1,60.0,1.00000,S,5,60.0,0,2022-01-02 19:20:00.000
VD-42-0090-136-02,3000900013508G,0,1,60.0,1.00000,L,0,0.0,0,2022-01-02 19:20:00.000
VD-42-0090-136-02,3000900013508G,0,1,60.0,1.00000,T,0,0.0,0,2022-01-02 19:20:00.000
VD-42-0090-136-02,3000900013508G,1,1,0.0,0.00000,M,0,0.0,0,2022-01-02 19:20:00.000
VD-42-0090-136-02,3000900013508G,1,1,0.0,0.00000,S,0,0.0,0,2022-01-02 19:20:00.000
VD-42-0090-136-02,3000900013508G,1,1,0.0,0.00000,L,0,0.0,0,2022-01-02 19:20:00.000
VD-42-0090-136-02,3000900013508G,1,1,0.0,0.00000,T,0,0.0,0,2022-01-02 19:20:00.000
VD-42-0090-137-06,3000900013809G,0,1,-99.0,255.00000,M,0,0.0,0,2022-01-02 19:20:00.000
VD-42-0090-137-06,3000900013809G,0,1,-99.0,255.00000,S,255,255.0,0,2022-01-02 19:20:00.000
VD-42-0090-137-06,3000900013809G,0,1,-99.0,255.00000,L,255,255.0,0,2022-01-02 19:20:00.000
VD-42-0090-137-06,3000900013809G,0,1,-99.0,255.00000,T,255,255.0,0,2022-01-02 19:20:00.000
VD-42-0090-137-03,3000900013809G,0,1,60.0,2.00000,M,0,0.0,0,2022-01-02 19:20:00.000
VD-42-0090-137-03,3000900013809G,0,1,60.0,2.00000,S,13,60.0,0,2022-01-02 19:20:00.000
VD-42-0090-137-03,3000900013809G,0,1,60.0,2.00000,L,0,0.0,0,2022-01-02 19:20:00.000
VD-42-0090-137-03,3000900013809G,0,1,60.0,2.00000,T,0,0.0,0,2022-01-02 19:20:00.000
VD-42-0090-138-04,3000900013909G,0,1,-99.0,255.00000,M,0,0.0,0,2022-01-02 19:20:00.000
VD-42-0090-138-04,3000900013909G,0,1,-99.0,255.00000,S,255,255.0,0,2022-01-02 19:20:00.000
VD-42-0090-138-04,3000900013909G,0,1,-99.0,255.00000,L,255,255.0,0,2022-01-02 19:20:00.000
VD-42-0090-138-04,3000900013909G,0,1,-99.0,255.00000,T,255,255.0,0,2022-01-02 19:20:00.000
VD-42-0090-138-02,3000900013909G,0,1,0.0,0.00000,M,0,0.0,0,2022-01-02 19:20:00.000
VD-42-0090-138-02,3000900013909G,0,1,0.0,0.00000,S,0,0.0,0,2022-01-02 19:20:00.000
VD-42-0090-138-02,3000900013909G,0,1,0.0,0.00000,L,0,0.0,0,2022-01-02 19:20:00.000
VD-42-0090-138-02,3000900013909G,0,1,0.0,0.00000,T,0,0.0,0,2022-01-02 19:20:00.000
VD-42-0090-138-02,3000900013909G,1,1,0.0,0.00000,M,0,0.0,0,2022-01-02 19:20:00.000
VD-42-0090-138-02,3000900013909G,1,1,0.0,0.00000,S,0,0.0,0,2022-01-02 19:20:00.000
VD-42-0090-138-02,3000900013909G,1,1,0.0,0.00000,L,0,0.0,0,2022-01-02 19:20:00.000
VD-42-0090-138-02,3000900013909G,1,1,0.0,0.00000,T,0,0.0,0,2022-01-02 19:20:00.000
VD-42-0090-139-04,3000900013909G,0,1,-99.0,255.00000,M,0,0.0,0,2022-01-02 19:20:00.000
VD-42-0090-139-04,3000900013909G,0,1,-99.0,255.00000,S,255,255.0,0,2022-01-02 19:20:00.000
VD-42-0090-139-04,3000900013909G,0,1,-99.0,255.00000,L,255,255.0,0,2022-01-02 19:20:00.000
VD-42-0090-139-04,3000900013909G,0,1,-99.0,255.00000,T,255,255.0,0,2022-01-02 19:20:00.000
VD-42-0090-140-02,3000900013909G,0,1,69.0,1.00000,M,0,0.0,0,2022-01-02 19:20:00.000
VD-42-0090-140-02,3000900013909G,0,1,69.0,1.00000,S,1,69.0,0,2022-01-02 19:20:00.000
VD-42-0090-140-02,3000900013909G,0,1,69.0,1.00000,L,0,0.0,0,2022-01-02 19:20:00.000
VD-42-0090-140-02,3000900013909G,0,1,69.0,1.00000,T,0,0.0,0,2022-01-02 19:20:00.000
VD-42-0090-140-02,3000900013909G,1,1,0.0,0.00000,M,0,0.0,0,2022-01-02 19:20:00.000
VD-42-0090-140-02,3000900013909G,1,1,0.0,0.00000,S,0,0.0,0,2022-01-02 19:20:00.000
VD-42-0090-140-02,3000900013909G,1,1,0.0,0.00000,L,0,0.0,0,2022-01-02 19:20:00.000
VD-42-0090-140-02,3000900013909G,1,1,0.0,0.00000,T,0,0.0,0,2022-01-02 19:20:00.000
VD-42-0090-140-04,3000900014009G,0,1,-99.0,255.00000,M,0,0.0,0,2022-01-02 19:20:00.000
VD-42-0090-140-04,3000900014009G,0,1,-99.0,255.00000,S,255,255.0,0,2022-01-02 19:20:00.000
VD-42-0090-140-04,3000900014009G,0,1,-99.0,255.00000,L,255,255.0,0,2022-01-02 19:20:00.000
VD-42-0090-140-04,3000900014009G,0,1,-99.0,255.00000,T,255,255.0,0,2022-01-02 19:20:00.000
VD-42-0090-141-02,3000900014009G,0,1,0.0,0.00000,M,0,0.0,0,2022-01-02 19:20:00.000
VD-42-0090-141-02,3000900014009G,0,1,0.0,0.00000,S,0,0.0,0,2022-01-02 19:20:00.000
VD-42-0090-141-02,3000900014009G,0,1,0.0,0.00000,L,0,0.0,0,2022-01-02 19:20:00.000
VD-42-0090-141-02,3000900014009G,0,1,0.0,0.00000,T,0,0.0,0,2022-01-02 19:20:00.000
VD-42-0090-141-02,3000900014009G,1,1,0.0,0.00000,M,0,0.0,0,2022-01-02 19:20:00.000
VD-42-0090-141-02,3000900014009G,1,1,0.0,0.00000,S,0,0.0,0,2022-01-02 19:20:00.000
VD-42-0090-141-02,3000900014009G,1,1,0.0,0.00000,L,0,0.0,0,2022-01-02 19:20:00.000
VD-42-0090-141-02,3000900014009G,1,1,0.0,0.00000,T,0,0.0,0,2022-01-02 19:20:00.000
VD-42-0090-142-02,3000900014174G,0,1,0.0,0.00000,M,0,0.0,0,2022-01-02 19:20:00.000
VD-42-0090-142-02,3000900014174G,0,1,0.0,0.00000,S,0,0.0,0,2022-01-02 19:20:00.000
VD-42-0090-142-02,3000900014174G,0,1,0.0,0.00000,L,0,0.0,0,2022-01-02 19:20:00.000
VD-42-0090-142-02,3000900014174G,0,1,0.0,0.00000,T,0,0.0,0,2022-01-02 19:20:00.000
VD-42-0090-143-01,3000900014360U,0,1,75.0,2.00000,M,0,0.0,0,2022-01-02 19:20:00.000
VD-42-0090-143-01,3000900014360U,0,1,75.0,2.00000,S,2,75.0,0,2022-01-02 19:20:00.000
VD-42-0090-143-01,3000900014360U,0,1,75.0,2.00000,L,0,0.0,0,2022-01-02 19:20:00.000
VD-42-0090-143-01,3000900014360U,0,1,75.0,2.00000,T,0,0.0,0,2022-01-02 19:20:00.000
VD-42-0090-144-02,3000900014444U,0,1,79.0,1.00000,M,0,0.0,0,2022-01-02 19:20:00.000
VD-42-0090-144-02,3000900014444U,0,1,79.0,1.00000,S,6,79.0,0,2022-01-02 19:20:00.000
VD-42-0090-144-02,3000900014444U,0,1,79.0,1.00000,L,0,0.0,0,2022-01-02 19:20:00.000
VD-42-0090-144-02,3000900014444U,0,1,79.0,1.00000,T,0,0.0,0,2022-01-02 19:20:00.000
VD-42-0090-144-02,3000900014444U,1,1,78.0,1.00000,M,0,0.0,0,2022-01-02 19:20:00.000
VD-42-0090-144-02,3000900014444U,1,1,78.0,1.00000,S,1,78.0,0,2022-01-02 19:20:00.000
VD-42-0090-144-02,3000900014444U,1,1,78.0,1.00000,L,0,0.0,0,2022-01-02 19:20:00.000
VD-42-0090-144-02,3000900014444U,1,1,78.0,1.00000,T,0,0.0,0,2022-01-02 19:20:00.000
VD-42-0090-148-01,3000900014857U,0,1,59.0,1.00000,M,0,0.0,0,2022-01-02 19:20:00.000
VD-42-0090-148-01,3000900014857U,0,1,59.0,1.00000,S,1,59.0,0,2022-01-02 19:20:00.000
VD-42-0090-148-01,3000900014857U,0,1,59.0,1.00000,L,0,0.0,0,2022-01-02 19:20:00.000
VD-42-0090-148-01,3000900014857U,0,1,59.0,1.00000,T,0,0.0,0,2022-01-02 19:20:00.000
VD-42-0090-148-01,3000900014857U,1,1,66.1,19.00000,M,0,0.0,0,2022-01-02 19:20:00.000
VD-42-0090-148-01,3000900014857U,1,1,66.1,19.00000,S,4,61.0,0,2022-01-02 19:20:00.000
VD-42-0090-148-01,3000900014857U,1,1,66.1,19.00000,L,3,73.0,0,2022-01-02 19:20:00.000
VD-42-0090-148-01,3000900014857U,1,1,66.1,19.00000,T,0,0.0,0,2022-01-02 19:20:00.000
VD-42-0090-148-03,3000900014884U,0,1,23.0,2.00000,M,0,0.0,0,2022-01-02 19:20:00.000
VD-42-0090-148-03,3000900014884U,0,1,23.0,2.00000,S,0,0.0,0,2022-01-02 19:20:00.000
VD-42-0090-148-03,3000900014884U,0,1,23.0,2.00000,L,1,23.0,0,2022-01-02 19:20:00.000
VD-42-0090-148-03,3000900014884U,0,1,23.0,2.00000,T,0,0.0,0,2022-01-02 19:20:00.000
VD-42-0090-148-06,3000900014884U,0,1,46.0,4.00000,M,0,0.0,0,2022-01-02 19:20:00.000
VD-42-0090-148-06,3000900014884U,0,1,46.0,4.00000,S,9,46.0,0,2022-01-02 19:20:00.000
VD-42-0090-148-06,3000900014884U,0,1,46.0,4.00000,L,0,0.0,0,2022-01-02 19:20:00.000
VD-42-0090-148-06,3000900014884U,0,1,46.0,4.00000,T,0,0.0,0,2022-01-02 19:20:00.000
VD-42-0090-148-08,3000900014884U,0,1,0.0,0.00000,M,0,0.0,0,2022-01-02 19:20:00.000
VD-42-0090-148-08,3000900014884U,0,1,0.0,0.00000,S,0,0.0,0,2022-01-02 19:20:00.000
VD-42-0090-148-08,3000900014884U,0,1,0.0,0.00000,L,0,0.0,0,2022-01-02 19:20:00.000
VD-42-0090-148-08,3000900014884U,0,1,0.0,0.00000,T,0,0.0,0,2022-01-02 19:20:00.000
VD-42-0090-149-05,3000900014912U,0,1,0.0,0.00000,M,0,0.0,0,2022-01-02 19:20:00.000
VD-42-0090-149-05,3000900014912U,0,1,0.0,0.00000,S,0,0.0,0,2022-01-02 19:20:00.000
VD-42-0090-149-05,3000900014912U,0,1,0.0,0.00000,L,0,0.0,0,2022-01-02 19:20:00.000
VD-42-0090-149-05,3000900014912U,0,1,0.0,0.00000,T,0,0.0,0,2022-01-02 19:20:00.000
VD-42-0090-149-05,3000900014912U,1,1,0.0,0.00000,M,0,0.0,0,2022-01-02 19:20:00.000
VD-42-0090-149-05,3000900014912U,1,1,0.0,0.00000,S,0,0.0,0,2022-01-02 19:20:00.000
VD-42-0090-149-05,3000900014912U,1,1,0.0,0.00000,L,0,0.0,0,2022-01-02 19:20:00.000
VD-42-0090-149-05,3000900014912U,1,1,0.0,0.00000,T,0,0.0,0,2022-01-02 19:20:00.000
VD-42-0090-150-01,3000900015012U,0,1,-99.0,255.00000,M,0,0.0,0,2022-01-02 19:20:00.000
VD-42-0090-150-01,3000900015012U,0,1,-99.0,255.00000,S,255,255.0,0,2022-01-02 19:20:00.000
VD-42-0090-150-01,3000900015012U,0,1,-99.0,255.00000,L,255,255.0,0,2022-01-02 19:20:00.000
VD-42-0090-150-01,3000900015012U,0,1,-99.0,255.00000,T,255,255.0,0,2022-01-02 19:20:00.000
VD-42-0090-150-03,3000900015012U,0,1,70.0,1.00000,M,0,0.0,0,2022-01-02 19:20:00.000
VD-42-0090-150-03,3000900015012U,0,1,70.0,1.00000,S,4,70.0,0,2022-01-02 19:20:00.000
VD-42-0090-150-03,3000900015012U,0,1,70.0,1.00000,L,0,0.0,0,2022-01-02 19:20:00.000
VD-42-0090-150-03,3000900015012U,0,1,70.0,1.00000,T,0,0.0,0,2022-01-02 19:20:00.000
VD-42-0090-150-03,3000900015012U,1,1,0.0,0.00000,M,0,0.0,0,2022-01-02 19:20:00.000
VD-42-0090-150-03,3000900015012U,1,1,0.0,0.00000,S,0,0.0,0,2022-01-02 19:20:00.000
VD-42-0090-150-03,3000900015012U,1,1,0.0,0.00000,L,0,0.0,0,2022-01-02 19:20:00.000
VD-42-0090-150-03,3000900015012U,1,1,0.0,0.00000,T,0,0.0,0,2022-01-02 19:20:00.000
VD-42-0090-152-02,3000900015414U,0,1,51.0,1.00000,M,0,0.0,0,2022-01-02 19:20:00.000
VD-42-0090-152-02,3000900015414U,0,1,51.0,1.00000,S,8,51.0,0,2022-01-02 19:20:00.000
VD-42-0090-152-02,3000900015414U,0,1,51.0,1.00000,L,0,0.0,0,2022-01-02 19:20:00.000
VD-42-0090-152-02,3000900015414U,0,1,51.0,1.00000,T,0,0.0,0,2022-01-02 19:20:00.000
VD-42-0090-152-02,3000900015414U,1,1,0.0,0.00000,M,0,0.0,0,2022-01-02 19:20:00.000
VD-42-0090-152-02,3000900015414U,1,1,0.0,0.00000,S,0,0.0,0,2022-01-02 19:20:00.000
VD-42-0090-152-02,3000900015414U,1,1,0.0,0.00000,L,0,0.0,0,2022-01-02 19:20:00.000
VD-42-0090-152-02,3000900015414U,1,1,0.0,0.00000,T,0,0.0,0,2022-01-02 19:20:00.000
VD-42-0090-152-04,3000900015212U,0,1,-99.0,255.00000,M,0,0.0,0,2022-01-02 19:20:00.000
VD-42-0090-152-04,3000900015212U,0,1,-99.0,255.00000,S,255,255.0,0,2022-01-02 19:20:00.000
VD-42-0090-152-04,3000900015212U,0,1,-99.0,255.00000,L,255,255.0,0,2022-01-02 19:20:00.000
VD-42-0090-152-04,3000900015212U,0,1,-99.0,255.00000,T,255,255.0,0,2022-01-02 19:20:00.000
VD-42-0090-153-04,3000900015212U,0,1,69.0,1.00000,M,0,0.0,0,2022-01-02 19:20:00.000
VD-42-0090-153-04,3000900015212U,0,1,69.0,1.00000,S,4,69.0,0,2022-01-02 19:20:00.000
VD-42-0090-153-04,3000900015212U,0,1,69.0,1.00000,L,0,0.0,0,2022-01-02 19:20:00.000
VD-42-0090-153-04,3000900015212U,0,1,69.0,1.00000,T,0,0.0,0,2022-01-02 19:20:00.000
VD-42-0090-153-04,3000900015212U,1,1,0.0,0.00000,M,0,0.0,0,2022-01-02 19:20:00.000
VD-42-0090-153-04,3000900015212U,1,1,0.0,0.00000,S,0,0.0,0,2022-01-02 19:20:00.000
VD-42-0090-153-04,3000900015212U,1,1,0.0,0.00000,L,0,0.0,0,2022-01-02 19:20:00.000
VD-42-0090-153-04,3000900015212U,1,1,0.0,0.00000,T,0,0.0,0,2022-01-02 19:20:00.000
VD-42-0090-154-06,3000900115387U,0,1,54.0,1.00000,M,0,0.0,0,2022-01-02 19:20:00.000
VD-42-0090-154-06,3000900115387U,0,1,54.0,1.00000,S,1,54.0,0,2022-01-02 19:20:00.000
VD-42-0090-154-06,3000900115387U,0,1,54.0,1.00000,L,0,0.0,0,2022-01-02 19:20:00.000
VD-42-0090-154-06,3000900115387U,0,1,54.0,1.00000,T,0,0.0,0,2022-01-02 19:20:00.000
VD-42-0090-154-08,3000900015439U,0,1,73.0,1.00000,M,0,0.0,0,2022-01-02 19:20:00.000
VD-42-0090-154-08,3000900015439U,0,1,73.0,1.00000,S,3,73.0,0,2022-01-02 19:20:00.000
VD-42-0090-154-08,3000900015439U,0,1,73.0,1.00000,L,0,0.0,0,2022-01-02 19:20:00.000
VD-42-0090-154-08,3000900015439U,0,1,73.0,1.00000,T,0,0.0,0,2022-01-02 19:20:00.000
VD-42-0090-154-08,3000900015439U,1,1,0.0,0.00000,M,0,0.0,0,2022-01-02 19:20:00.000
VD-42-0090-154-08,3000900015439U,1,1,0.0,0.00000,S,0,0.0,0,2022-01-02 19:20:00.000
VD-42-0090-154-08,3000900015439U,1,1,0.0,0.00000,L,0,0.0,0,2022-01-02 19:20:00.000
VD-42-0090-154-08,3000900015439U,1,1,0.0,0.00000,T,0,0.0,0,2022-01-02 19:20:00.000
VD-42-0090-155-02,3000900015508U,0,1,46.0,2.00000,M,0,0.0,0,2022-01-02 19:20:00.000
VD-42-0090-155-02,3000900015508U,0,1,46.0,2.00000,S,7,46.0,0,2022-01-02 19:20:00.000
VD-42-0090-155-02,3000900015508U,0,1,46.0,2.00000,L,0,0.0,0,2022-01-02 19:20:00.000
VD-42-0090-155-02,3000900015508U,0,1,46.0,2.00000,T,0,0.0,0,2022-01-02 19:20:00.000
VD-42-0090-157-03,3000900015608U,0,1,54.0,2.00000,M,0,0.0,0,2022-01-02 19:20:00.000
VD-42-0090-157-03,3000900015608U,0,1,54.0,2.00000,S,1,60.0,0,2022-01-02 19:20:00.000
VD-42-0090-157-03,3000900015608U,0,1,54.0,2.00000,L,2,52.0,0,2022-01-02 19:20:00.000
VD-42-0090-157-03,3000900015608U,0,1,54.0,2.00000,T,0,0.0,0,2022-01-02 19:20:00.000
VD-42-0090-157-03,3000900015608U,1,1,0.0,0.00000,M,0,0.0,0,2022-01-02 19:20:00.000
VD-42-0090-157-03,3000900015608U,1,1,0.0,0.00000,S,0,0.0,0,2022-01-02 19:20:00.000
VD-42-0090-157-03,3000900015608U,1,1,0.0,0.00000,L,0,0.0,0,2022-01-02 19:20:00.000
VD-42-0090-157-03,3000900015608U,1,1,0.0,0.00000,T,0,0.0,0,2022-01-02 19:20:00.000
VD-42-0090-158-01,3000900015822U,0,1,54.0,1.00000,M,0,0.0,0,2022-01-02 19:20:00.000
VD-42-0090-158-01,3000900015822U,0,1,54.0,1.00000,S,2,54.0,0,2022-01-02 19:20:00.000
VD-42-0090-158-01,3000900015822U,0,1,54.0,1.00000,L,0,0.0,0,2022-01-02 19:20:00.000
VD-42-0090-158-01,3000900015822U,0,1,54.0,1.00000,T,0,0.0,0,2022-01-02 19:20:00.000
VD-42-0090-158-01,3000900115822U,0,1,37.0,1.00000,M,0,0.0,0,2022-01-02 19:20:00.000
VD-42-0090-158-01,3000900115822U,0,1,37.0,1.00000,S,1,37.0,0,2022-01-02 19:20:00.000
VD-42-0090-158-01,3000900115822U,0,1,37.0,1.00000,L,0,0.0,0,2022-01-02 19:20:00.000
VD-42-0090-158-01,3000900115822U,0,1,37.0,1.00000,T,0,0.0,0,2022-01-02 19:20:00.000
VD-42-0090-166-01,3000900116579U,0,1,-99.0,-99.00000,M,-99,-99.0,1,2022-01-02 19:20:00.000
VD-42-0090-166-01,3000900116579U,0,1,-99.0,-99.00000,S,-99,-99.0,1,2022-01-02 19:20:00.000
VD-42-0090-166-01,3000900116579U,0,1,-99.0,-99.00000,L,-99,-99.0,1,2022-01-02 19:20:00.000
VD-42-0090-166-01,3000900116579U,0,1,-99.0,-99.00000,T,-99,-99.0,1,2022-01-02 19:20:00.000
VD-42-0090-166-01,3000900116579U,1,1,-99.0,-99.00000,M,-99,-99.0,1,2022-01-02 19:20:00.000
VD-42-0090-166-01,3000900116579U,1,1,-99.0,-99.00000,S,-99,-99.0,1,2022-01-02 19:20:00.000
VD-42-0090-166-01,3000900116579U,1,1,-99.0,-99.00000,L,-99,-99.0,1,2022-01-02 19:20:00.000
VD-42-0090-166-01,3000900116579U,1,1,-99.0,-99.00000,T,-99,-99.0,1,2022-01-02 19:20:00.000
VD-42-0090-166-01,3000900016579U,0,1,-99.0,-99.00000,M,-99,-99.0,1,2022-01-02 19:20:00.000
VD-42-0090-166-01,3000900016579U,0,1,-99.0,-99.00000,S,-99,-99.0,1,2022-01-02 19:20:00.000
VD-42-0090-166-01,3000900016579U,0,1,-99.0,-99.00000,L,-99,-99.0,1,2022-01-02 19:20:00.000
VD-42-0090-166-01,3000900016579U,0,1,-99.0,-99.00000,T,-99,-99.0,1,2022-01-02 19:20:00.000
VD-42-0090-166-01,3000900016579U,1,1,-99.0,-99.00000,M,-99,-99.0,1,2022-01-02 19:20:00.000
VD-42-0090-166-01,3000900016579U,1,1,-99.0,-99.00000,S,-99,-99.0,1,2022-01-02 19:20:00.000
VD-42-0090-166-01,3000900016579U,1,1,-99.0,-99.00000,L,-99,-99.0,1,2022-01-02 19:20:00.000
VD-42-0090-166-01,3000900016579U,1,1,-99.0,-99.00000,T,-99,-99.0,1,2022-01-02 19:20:00.000
VD-43-0090-170-01,3000900017023U,0,1,38.0,2.00000,M,0,0.0,0,2022-01-02 19:20:00.000
VD-43-0090-170-01,3000900017023U,0,1,38.0,2.00000,S,4,38.0,0,2022-01-02 19:20:00.000
VD-43-0090-170-01,3000900017023U,0,1,38.0,2.00000,L,0,0.0,0,2022-01-02 19:20:00.000
VD-43-0090-170-01,3000900017023U,0,1,38.0,2.00000,T,0,0.0,0,2022-01-02 19:20:00.000
VD-43-0090-170-01,3000900017023U,1,1,46.0,1.00000,M,0,0.0,0,2022-01-02 19:20:00.000
VD-43-0090-170-01,3000900017023U,1,1,46.0,1.00000,S,1,46.0,0,2022-01-02 19:20:00.000
VD-43-0090-170-01,3000900017023U,1,1,46.0,1.00000,L,0,0.0,0,2022-01-02 19:20:00.000
VD-43-0090-170-01,3000900017023U,1,1,46.0,1.00000,T,0,0.0,0,2022-01-02 19:20:00.000
VD-43-0090-175-01,3000900117598U,0,1,69.0,1.00000,M,0,0.0,0,2022-01-02 19:20:00.000
VD-43-0090-175-01,3000900117598U,0,1,69.0,1.00000,S,1,69.0,0,2022-01-02 19:20:00.000
VD-43-0090-175-01,3000900117598U,0,1,69.0,1.00000,L,0,0.0,0,2022-01-02 19:20:00.000
VD-43-0090-175-01,3000900117598U,0,1,69.0,1.00000,T,0,0.0,0,2022-01-02 19:20:00.000
VD-43-0090-175-01,3000900117598U,1,1,61.0,2.00000,M,0,0.0,0,2022-01-02 19:20:00.000
VD-43-0090-175-01,3000900117598U,1,1,61.0,2.00000,S,2,61.0,0,2022-01-02 19:20:00.000
VD-43-0090-175-01,3000900117598U,1,1,61.0,2.00000,L,1,61.0,0,2022-01-02 19:20:00.000
VD-43-0090-175-01,3000900117598U,1,1,61.0,2.00000,T,0,0.0,0,2022-01-02 19:20:00.000
VD-43-0090-175-01,3000900017597U,0,1,70.0,1.00000,M,0,0.0,0,2022-01-02 19:20:00.000
VD-43-0090-175-01,3000900017597U,0,1,70.0,1.00000,S,3,70.0,0,2022-01-02 19:20:00.000
VD-43-0090-175-01,3000900017597U,0,1,70.0,1.00000,L,0,0.0,0,2022-01-02 19:20:00.000
VD-43-0090-175-01,3000900017597U,0,1,70.0,1.00000,T,0,0.0,0,2022-01-02 19:20:00.000
VD-43-0090-175-01,3000900017597U,1,1,62.0,1.00000,M,0,0.0,0,2022-01-02 19:20:00.000
VD-43-0090-175-01,3000900017597U,1,1,62.0,1.00000,S,3,62.0,0,2022-01-02 19:20:00.000
VD-43-0090-175-01,3000900017597U,1,1,62.0,1.00000,L,0,0.0,0,2022-01-02 19:20:00.000
VD-43-0090-175-01,3000900017597U,1,1,62.0,1.00000,T,0,0.0,0,2022-01-02 19:20:00.000
VD-43-0090-179-01,3000900117886U,0,1,72.0,2.00000,M,0,0.0,0,2022-01-02 19:20:00.000
VD-43-0090-179-01,3000900117886U,0,1,72.0,2.00000,S,3,72.0,0,2022-01-02 19:20:00.000
VD-43-0090-179-01,3000900117886U,0,1,72.0,2.00000,L,0,0.0,0,2022-01-02 19:20:00.000
VD-43-0090-179-01,3000900117886U,0,1,72.0,2.00000,T,0,0.0,0,2022-01-02 19:20:00.000
VD-43-0090-179-01,3000900017884U,0,1,80.0,2.00000,M,0,0.0,0,2022-01-02 19:20:00.000
VD-43-0090-179-01,3000900017884U,0,1,80.0,2.00000,S,4,80.0,0,2022-01-02 19:20:00.000
VD-43-0090-179-01,3000900017884U,0,1,80.0,2.00000,L,0,0.0,0,2022-01-02 19:20:00.000
VD-43-0090-179-01,3000900017884U,0,1,80.0,2.00000,T,0,0.0,0,2022-01-02 19:20:00.000
VD-43-0090-184-01,3000900018477U,0,1,41.0,7.00000,M,0,0.0,0,2022-01-02 19:20:00.000
VD-43-0090-184-01,3000900018477U,0,1,41.0,7.00000,S,12,44.0,0,2022-01-02 19:20:00.000
VD-43-0090-184-01,3000900018477U,0,1,41.0,7.00000,L,0,0.0,0,2022-01-02 19:20:00.000
VD-43-0090-184-01,3000900018477U,0,1,41.0,7.00000,T,0,0.0,0,2022-01-02 19:20:00.000
VD-43-0090-184-01,3000900118479U,0,1,28.0,0.00000,M,0,0.0,0,2022-01-02 19:20:00.000
VD-43-0090-184-01,3000900118479U,0,1,28.0,0.00000,S,2,28.0,0,2022-01-02 19:20:00.000
VD-43-0090-184-01,3000900118479U,0,1,28.0,0.00000,L,0,0.0,0,2022-01-02 19:20:00.000
VD-43-0090-184-01,3000900118479U,0,1,28.0,0.00000,T,0,0.0,0,2022-01-02 19:20:00.000
VD-43-0090-186-01,3000900018553U,0,1,43.0,2.00000,M,0,0.0,0,2022-01-02 19:20:00.000
VD-43-0090-186-01,3000900018553U,0,1,43.0,2.00000,S,7,46.0,0,2022-01-02 19:20:00.000
VD-43-0090-186-01,3000900018553U,0,1,43.0,2.00000,L,0,0.0,0,2022-01-02 19:20:00.000
VD-43-0090-186-01,3000900018553U,0,1,43.0,2.00000,T,0,0.0,0,2022-01-02 19:20:00.000
VD-43-0090-186-01,3000900018553U,1,1,38.0,3.00000,M,0,0.0,0,2022-01-02 19:20:00.000
VD-43-0090-186-01,3000900018553U,1,1,38.0,3.00000,S,7,36.0,0,2022-01-02 19:20:00.000
VD-43-0090-186-01,3000900018553U,1,1,38.0,3.00000,L,0,0.0,0,2022-01-02 19:20:00.000
VD-43-0090-186-01,3000900018553U,1,1,38.0,3.00000,T,0,0.0,0,2022-01-02 19:20:00.000
VD-43-0090-186-01,3000900018553U,2,1,0.0,0.00000,M,0,0.0,0,2022-01-02 19:20:00.000
VD-43-0090-186-01,3000900018553U,2,1,0.0,0.00000,S,0,0.0,0,2022-01-02 19:20:00.000
VD-43-0090-186-01,3000900018553U,2,1,0.0,0.00000,L,0,0.0,0,2022-01-02 19:20:00.000
VD-43-0090-186-01,3000900018553U,2,1,0.0,0.00000,T,0,0.0,0,2022-01-02 19:20:00.000
VD-43-0090-186-01,3000900118552U,0,1,59.0,1.00000,M,0,0.0,0,2022-01-02 19:20:00.000
VD-43-0090-186-01,3000900118552U,0,1,59.0,1.00000,S,4,60.0,0,2022-01-02 19:20:00.000
VD-43-0090-186-01,3000900118552U,0,1,59.0,1.00000,L,0,0.0,0,2022-01-02 19:20:00.000
VD-43-0090-186-01,3000900118552U,0,1,59.0,1.00000,T,0,0.0,0,2022-01-02 19:20:00.000
VD-43-0090-186-01,3000900118552U,1,1,42.0,6.00000,M,0,0.0,0,2022-01-02 19:20:00.000
VD-43-0090-186-01,3000900118552U,1,1,42.0,6.00000,S,8,40.0,0,2022-01-02 19:20:00.000
VD-43-0090-186-01,3000900118552U,1,1,42.0,6.00000,L,2,43.0,0,2022-01-02 19:20:00.000
VD-43-0090-186-01,3000900118552U,1,1,42.0,6.00000,T,0,0.0,0,2022-01-02 19:20:00.000
VD-43-0090-198-01,3000900119847U,0,1,70.0,3.00000,M,0,0.0,0,2022-01-02 19:20:00.000
VD-43-0090-198-01,3000900119847U,0,1,70.0,3.00000,S,4,70.0,0,2022-01-02 19:20:00.000
VD-43-0090-198-01,3000900119847U,0,1,70.0,3.00000,L,6,70.0,0,2022-01-02 19:20:00.000
VD-43-0090-198-01,3000900119847U,0,1,70.0,3.00000,T,0,0.0,0,2022-01-02 19:20:00.000
VD-43-0090-198-01,3000900119847U,1,1,62.0,3.00000,M,0,0.0,0,2022-01-02 19:20:00.000
VD-43-0090-198-01,3000900119847U,1,1,62.0,3.00000,S,6,62.0,0,2022-01-02 19:20:00.000
VD-43-0090-198-01,3000900119847U,1,1,62.0,3.00000,L,1,62.0,0,2022-01-02 19:20:00.000
VD-43-0090-198-01,3000900119847U,1,1,62.0,3.00000,T,0,0.0,0,2022-01-02 19:20:00.000
VD-43-0090-198-01,3000900019847U,0,1,67.0,1.00000,M,0,0.0,0,2022-01-02 19:20:00.000
VD-43-0090-198-01,3000900019847U,0,1,67.0,1.00000,S,3,67.0,0,2022-01-02 19:20:00.000
VD-43-0090-198-01,3000900019847U,0,1,67.0,1.00000,L,0,0.0,0,2022-01-02 19:20:00.000
VD-43-0090-198-01,3000900019847U,0,1,67.0,1.00000,T,0,0.0,0,2022-01-02 19:20:00.000
VD-43-0090-198-01,3000900019847U,1,1,64.0,1.00000,M,0,0.0,0,2022-01-02 19:20:00.000
VD-43-0090-198-01,3000900019847U,1,1,64.0,1.00000,S,1,64.0,0,2022-01-02 19:20:00.000
VD-43-0090-198-01,3000900019847U,1,1,64.0,1.00000,L,0,0.0,0,2022-01-02 19:20:00.000
VD-43-0090-198-01,3000900019847U,1,1,64.0,1.00000,T,0,0.0,0,2022-01-02 19:20:00.000
VD-43-0090-201-01,3000900119968U,0,1,43.0,5.00000,M,0,0.0,0,2022-01-02 19:20:00.000
VD-43-0090-201-01,3000900119968U,0,1,43.0,5.00000,S,8,43.0,0,2022-01-02 19:20:00.000
VD-43-0090-201-01,3000900119968U,0,1,43.0,5.00000,L,0,0.0,0,2022-01-02 19:20:00.000
VD-43-0090-201-01,3000900119968U,0,1,43.0,5.00000,T,0,0.0,0,2022-01-02 19:20:00.000
VD-43-0090-201-01,3000900119968U,1,1,0.0,0.00000,M,0,0.0,0,2022-01-02 19:20:00.000
VD-43-0090-201-01,3000900119968U,1,1,0.0,0.00000,S,0,0.0,0,2022-01-02 19:20:00.000
VD-43-0090-201-01,3000900119968U,1,1,0.0,0.00000,L,0,0.0,0,2022-01-02 19:20:00.000
VD-43-0090-201-01,3000900119968U,1,1,0.0,0.00000,T,0,0.0,0,2022-01-02 19:20:00.000
VD-43-0090-201-01,3000900019968U,0,1,74.0,2.00000,M,0,0.0,0,2022-01-02 19:20:00.000
VD-43-0090-201-01,3000900019968U,0,1,74.0,2.00000,S,5,74.0,0,2022-01-02 19:20:00.000
VD-43-0090-201-01,3000900019968U,0,1,74.0,2.00000,L,0,0.0,0,2022-01-02 19:20:00.000
VD-43-0090-201-01,3000900019968U,0,1,74.0,2.00000,T,0,0.0,0,2022-01-02 19:20:00.000
VD-43-0090-201-01,3000900019968U,1,1,0.0,0.00000,M,0,0.0,0,2022-01-02 19:20:00.000
VD-43-0090-201-01,3000900019968U,1,1,0.0,0.00000,S,0,0.0,0,2022-01-02 19:20:00.000
VD-43-0090-201-01,3000900019968U,1,1,0.0,0.00000,L,0,0.0,0,2022-01-02 19:20:00.000
VD-43-0090-201-01,3000900019968U,1,1,0.0,0.00000,T,0,0.0,0,2022-01-02 19:20:00.000
VD-43-0090-206-01,3000900020564U,0,1,54.0,2.00000,M,0,0.0,0,2022-01-02 19:20:00.000
VD-43-0090-206-01,3000900020564U,0,1,54.0,2.00000,S,3,54.0,0,2022-01-02 19:20:00.000
VD-43-0090-206-01,3000900020564U,0,1,54.0,2.00000,L,1,54.0,0,2022-01-02 19:20:00.000
VD-43-0090-206-01,3000900020564U,0,1,54.0,2.00000,T,0,0.0,0,2022-01-02 19:20:00.000
VD-43-0090-206-01,3000900020564U,1,1,67.0,1.00000,M,0,0.0,0,2022-01-02 19:20:00.000
VD-43-0090-206-01,3000900020564U,1,1,67.0,1.00000,S,0,0.0,0,2022-01-02 19:20:00.000
VD-43-0090-206-01,3000900020564U,1,1,67.0,1.00000,L,1,67.0,0,2022-01-02 19:20:00.000
VD-43-0090-206-01,3000900020564U,1,1,67.0,1.00000,T,0,0.0,0,2022-01-02 19:20:00.000
VD-43-0090-206-01,3000900120564U,0,1,43.0,3.00000,M,0,0.0,0,2022-01-02 19:20:00.000
VD-43-0090-206-01,3000900120564U,0,1,43.0,3.00000,S,9,43.0,0,2022-01-02 19:20:00.000
VD-43-0090-206-01,3000900120564U,0,1,43.0,3.00000,L,1,43.0,0,2022-01-02 19:20:00.000
VD-43-0090-206-01,3000900120564U,0,1,43.0,3.00000,T,0,0.0,0,2022-01-02 19:20:00.000
VD-43-0090-206-01,3000900120564U,1,1,40.0,2.00000,M,0,0.0,0,2022-01-02 19:20:00.000
VD-43-0090-206-01,3000900120564U,1,1,40.0,2.00000,S,4,40.0,0,2022-01-02 19:20:00.000
VD-43-0090-206-01,3000900120564U,1,1,40.0,2.00000,L,0,0.0,0,2022-01-02 19:20:00.000
VD-43-0090-206-01,3000900120564U,1,1,40.0,2.00000,T,0,0.0,0,2022-01-02 19:20:00.000
VD-43-0090-211-01,3000900021111U,0,1,54.0,1.00000,M,0,0.0,0,2022-01-02 19:20:00.000
VD-43-0090-211-01,3000900021111U,0,1,54.0,1.00000,S,1,54.0,0,2022-01-02 19:20:00.000
VD-43-0090-211-01,3000900021111U,0,1,54.0,1.00000,L,0,0.0,0,2022-01-02 19:20:00.000
VD-43-0090-211-01,3000900021111U,0,1,54.0,1.00000,T,0,0.0,0,2022-01-02 19:20:00.000
VD-43-0090-211-01,3000900021111U,1,1,0.0,0.00000,M,0,0.0,0,2022-01-02 19:20:00.000
VD-43-0090-211-01,3000900021111U,1,1,0.0,0.00000,S,0,0.0,0,2022-01-02 19:20:00.000
VD-43-0090-211-01,3000900021111U,1,1,0.0,0.00000,L,0,0.0,0,2022-01-02 19:20:00.000
VD-43-0090-211-01,3000900021111U,1,1,0.0,0.00000,T,0,0.0,0,2022-01-02 19:20:00.000
VD-43-0090-211-01,3000900121111U,0,1,53.0,4.00000,M,0,0.0,0,2022-01-02 19:20:00.000
VD-43-0090-211-01,3000900121111U,0,1,53.0,4.00000,S,8,50.0,0,2022-01-02 19:20:00.000
VD-43-0090-211-01,3000900121111U,0,1,53.0,4.00000,L,0,0.0,0,2022-01-02 19:20:00.000
VD-43-0090-211-01,3000900121111U,0,1,53.0,4.00000,T,0,0.0,0,2022-01-02 19:20:00.000
VD-43-0090-211-01,3000900121111U,1,1,54.0,9.00000,M,0,0.0,0,2022-01-02 19:20:00.000
VD-43-0090-211-01,3000900121111U,1,1,54.0,9.00000,S,7,54.0,0,2022-01-02 19:20:00.000
VD-43-0090-211-01,3000900121111U,1,1,54.0,9.00000,L,2,54.0,0,2022-01-02 19:20:00.000
VD-43-0090-211-01,3000900121111U,1,1,54.0,9.00000,T,0,0.0,0,2022-01-02 19:20:00.000
VD-43-0090-228-01,3000900022866U,0,1,53.0,0.00000,M,0,0.0,0,2022-01-02 19:20:00.000
VD-43-0090-228-01,3000900022866U,0,1,53.0,0.00000,S,1,53.0,0,2022-01-02 19:20:00.000
VD-43-0090-228-01,3000900022866U,0,1,53.0,0.00000,L,0,0.0,0,2022-01-02 19:20:00.000
VD-43-0090-228-01,3000900022866U,0,1,53.0,0.00000,T,0,0.0,0,2022-01-02 19:20:00.000
VD-43-0090-228-01,3000900022866U,1,1,51.0,1.00000,M,0,0.0,0,2022-01-02 19:20:00.000
VD-43-0090-228-01,3000900022866U,1,1,51.0,1.00000,S,3,54.0,0,2022-01-02 19:20:00.000
VD-43-0090-228-01,3000900022866U,1,1,51.0,1.00000,L,0,0.0,0,2022-01-02 19:20:00.000
VD-43-0090-228-01,3000900022866U,1,1,51.0,1.00000,T,0,0.0,0,2022-01-02 19:20:00.000
VD-43-0090-228-01,3000900122859U,0,1,65.0,0.00000,M,0,0.0,0,2022-01-02 19:20:00.000
VD-43-0090-228-01,3000900122859U,0,1,65.0,0.00000,S,3,65.0,0,2022-01-02 19:20:00.000
VD-43-0090-228-01,3000900122859U,0,1,65.0,0.00000,L,0,0.0,0,2022-01-02 19:20:00.000
VD-43-0090-228-01,3000900122859U,0,1,65.0,0.00000,T,0,0.0,0,2022-01-02 19:20:00.000
VD-43-0090-228-01,3000900122859U,1,1,65.0,1.00000,M,0,0.0,0,2022-01-02 19:20:00.000
VD-43-0090-228-01,3000900122859U,1,1,65.0,1.00000,S,5,62.0,0,2022-01-02 19:20:00.000
VD-43-0090-228-01,3000900122859U,1,1,65.0,1.00000,L,0,0.0,0,2022-01-02 19:20:00.000
VD-43-0090-228-01,3000900122859U,1,1,65.0,1.00000,T,0,0.0,0,2022-01-02 19:20:00.000
VD-43-0090-230-01,3000900123049U,0,1,82.0,1.00000,M,0,0.0,0,2022-01-02 19:20:00.000
VD-43-0090-230-01,3000900123049U,0,1,82.0,1.00000,S,4,82.0,0,2022-01-02 19:20:00.000
VD-43-0090-230-01,3000900123049U,0,1,82.0,1.00000,L,0,0.0,0,2022-01-02 19:20:00.000
VD-43-0090-230-01,3000900123049U,0,1,82.0,1.00000,T,0,0.0,0,2022-01-02 19:20:00.000
VD-43-0090-230-01,3000900123049U,1,1,61.0,0.00000,M,0,0.0,0,2022-01-02 19:20:00.000
VD-43-0090-230-01,3000900123049U,1,1,61.0,0.00000,S,1,61.0,0,2022-01-02 19:20:00.000
VD-43-0090-230-01,3000900123049U,1,1,61.0,0.00000,L,0,0.0,0,2022-01-02 19:20:00.000
VD-43-0090-230-01,3000900123049U,1,1,61.0,0.00000,T,0,0.0,0,2022-01-02 19:20:00.000
VD-43-0090-230-01,3000900023049U,0,1,49.0,1.00000,M,0,0.0,0,2022-01-02 19:20:00.000
VD-43-0090-230-01,3000900023049U,0,1,49.0,1.00000,S,2,49.0,0,2022-01-02 19:20:00.000
VD-43-0090-230-01,3000900023049U,0,1,49.0,1.00000,L,0,0.0,0,2022-01-02 19:20:00.000
VD-43-0090-230-01,3000900023049U,0,1,49.0,1.00000,T,0,0.0,0,2022-01-02 19:20:00.000
VD-43-0090-230-01,3000900023049U,1,1,69.0,1.00000,M,0,0.0,0,2022-01-02 19:20:00.000
VD-43-0090-230-01,3000900023049U,1,1,69.0,1.00000,S,1,69.0,0,2022-01-02 19:20:00.000
VD-43-0090-230-01,3000900023049U,1,1,69.0,1.00000,L,0,0.0,0,2022-01-02 19:20:00.000
VD-43-0090-230-01,3000900023049U,1,1,69.0,1.00000,T,0,0.0,0,2022-01-02 19:20:00.000
VD-46-0090-234-01,3000900123367U,0,1,57.0,1.00000,M,0,0.0,0,2022-01-02 19:20:00.000
VD-46-0090-234-01,3000900123367U,0,1,57.0,1.00000,S,4,56.0,0,2022-01-02 19:20:00.000
VD-46-0090-234-01,3000900123367U,0,1,57.0,1.00000,L,0,0.0,0,2022-01-02 19:20:00.000
VD-46-0090-234-01,3000900123367U,0,1,57.0,1.00000,T,0,0.0,0,2022-01-02 19:20:00.000
VD-46-0090-234-01,3000900123367U,1,1,62.0,1.00000,M,0,0.0,0,2022-01-02 19:20:00.000
VD-46-0090-234-01,3000900123367U,1,1,62.0,1.00000,S,3,62.0,0,2022-01-02 19:20:00.000
VD-46-0090-234-01,3000900123367U,1,1,62.0,1.00000,L,0,0.0,0,2022-01-02 19:20:00.000
VD-46-0090-234-01,3000900123367U,1,1,62.0,1.00000,T,0,0.0,0,2022-01-02 19:20:00.000
VD-46-0090-234-01,3000900023364U,0,1,57.0,2.00000,M,0,0.0,0,2022-01-02 19:20:00.000
VD-46-0090-234-01,3000900023364U,0,1,57.0,2.00000,S,3,57.0,0,2022-01-02 19:20:00.000
VD-46-0090-234-01,3000900023364U,0,1,57.0,2.00000,L,1,57.0,0,2022-01-02 19:20:00.000
VD-46-0090-234-01,3000900023364U,0,1,57.0,2.00000,T,0,0.0,0,2022-01-02 19:20:00.000
VD-46-0090-234-01,3000900023364U,1,1,65.0,1.00000,M,0,0.0,0,2022-01-02 19:20:00.000
VD-46-0090-234-01,3000900023364U,1,1,65.0,1.00000,S,4,69.0,0,2022-01-02 19:20:00.000
VD-46-0090-234-01,3000900023364U,1,1,65.0,1.00000,L,0,0.0,0,2022-01-02 19:20:00.000
VD-46-0090-234-01,3000900023364U,1,1,65.0,1.00000,T,0,0.0,0,2022-01-02 19:20:00.000
VD-46-0090-262-01,3000900126198U,0,1,-99.0,-99.00000,M,-99,-99.0,1,2022-01-02 19:20:00.000
VD-46-0090-262-01,3000900126198U,0,1,-99.0,-99.00000,S,-99,-99.0,1,2022-01-02 19:20:00.000
VD-46-0090-262-01,3000900126198U,0,1,-99.0,-99.00000,L,-99,-99.0,1,2022-01-02 19:20:00.000
VD-46-0090-262-01,3000900126198U,0,1,-99.0,-99.00000,T,-99,-99.0,1,2022-01-02 19:20:00.000
VD-46-0090-262-01,3000900026198U,0,1,-99.0,-99.00000,M,-99,-99.0,1,2022-01-02 19:20:00.000
VD-46-0090-262-01,3000900026198U,0,1,-99.0,-99.00000,S,-99,-99.0,1,2022-01-02 19:20:00.000
VD-46-0090-262-01,3000900026198U,0,1,-99.0,-99.00000,L,-99,-99.0,1,2022-01-02 19:20:00.000
VD-46-0090-262-01,3000900026198U,0,1,-99.0,-99.00000,T,-99,-99.0,1,2022-01-02 19:20:00.000
VD-46-0090-266-01,3000900026579U,0,1,45.0,1.00000,M,0,0.0,0,2022-01-02 19:20:00.000
VD-46-0090-266-01,3000900026579U,0,1,45.0,1.00000,S,3,46.0,0,2022-01-02 19:20:00.000
VD-46-0090-266-01,3000900026579U,0,1,45.0,1.00000,L,0,0.0,0,2022-01-02 19:20:00.000
VD-46-0090-266-01,3000900026579U,0,1,45.0,1.00000,T,0,0.0,0,2022-01-02 19:20:00.000
VD-46-0090-266-01,3000900126579U,0,1,0.0,0.00000,M,0,0.0,0,2022-01-02 19:20:00.000
VD-46-0090-266-01,3000900126579U,0,1,0.0,0.00000,S,0,0.0,0,2022-01-02 19:20:00.000
VD-46-0090-266-01,3000900126579U,0,1,0.0,0.00000,L,0,0.0,0,2022-01-02 19:20:00.000
VD-46-0090-266-01,3000900126579U,0,1,0.0,0.00000,T,0,0.0,0,2022-01-02 19:20:00.000
VD-46-0090-277-01,3000900027733U,0,1,0.0,0.00000,M,0,0.0,0,2022-01-02 19:20:00.000
VD-46-0090-277-01,3000900027733U,0,1,0.0,0.00000,S,0,0.0,0,2022-01-02 19:20:00.000
VD-46-0090-277-01,3000900027733U,0,1,0.0,0.00000,L,0,0.0,0,2022-01-02 19:20:00.000
VD-46-0090-277-01,3000900027733U,0,1,0.0,0.00000,T,0,0.0,0,2022-01-02 19:20:00.000
VD-46-0090-277-01,3000900027733U,1,1,0.0,0.00000,M,0,0.0,0,2022-01-02 19:20:00.000
VD-46-0090-277-01,3000900027733U,1,1,0.0,0.00000,S,0,0.0,0,2022-01-02 19:20:00.000
VD-46-0090-277-01,3000900027733U,1,1,0.0,0.00000,L,0,0.0,0,2022-01-02 19:20:00.000
VD-46-0090-277-01,3000900027733U,1,1,0.0,0.00000,T,0,0.0,0,2022-01-02 19:20:00.000
VD-46-0090-277-01,3000900127734U,0,1,43.0,1.00000,M,0,0.0,0,2022-01-02 19:20:00.000
VD-46-0090-277-01,3000900127734U,0,1,43.0,1.00000,S,2,42.0,0,2022-01-02 19:20:00.000
VD-46-0090-277-01,3000900127734U,0,1,43.0,1.00000,L,0,0.0,0,2022-01-02 19:20:00.000
VD-46-0090-277-01,3000900127734U,0,1,43.0,1.00000,T,0,0.0,0,2022-01-02 19:20:00.000
VD-46-0090-277-01,3000900127734U,1,1,48.0,1.00000,M,0,0.0,0,2022-01-02 19:20:00.000
VD-46-0090-277-01,3000900127734U,1,1,48.0,1.00000,S,2,48.0,0,2022-01-02 19:20:00.000
VD-46-0090-277-01,3000900127734U,1,1,48.0,1.00000,L,0,0.0,0,2022-01-02 19:20:00.000
VD-46-0090-277-01,3000900127734U,1,1,48.0,1.00000,T,0,0.0,0,2022-01-02 19:20:00.000
VD-46-0090-278-01,3000900027839U,0,1,78.0,2.00000,M,0,0.0,0,2022-01-02 19:20:00.000
VD-46-0090-278-01,3000900027839U,0,1,78.0,2.00000,S,4,81.0,0,2022-01-02 19:20:00.000
VD-46-0090-278-01,3000900027839U,0,1,78.0,2.00000,L,0,0.0,0,2022-01-02 19:20:00.000
VD-46-0090-278-01,3000900027839U,0,1,78.0,2.00000,T,0,0.0,0,2022-01-02 19:20:00.000
VD-46-0090-278-01,3000900127839U,0,1,62.0,0.00000,M,0,0.0,0,2022-01-02 19:20:00.000
VD-46-0090-278-01,3000900127839U,0,1,62.0,0.00000,S,1,62.0,0,2022-01-02 19:20:00.000
VD-46-0090-278-01,3000900127839U,0,1,62.0,0.00000,L,0,0.0,0,2022-01-02 19:20:00.000
VD-46-0090-278-01,3000900127839U,0,1,62.0,0.00000,T,0,0.0,0,2022-01-02 19:20:00.000
VD-46-0090-300-01,3000900130083U,0,1,0.0,0.00000,M,0,0.0,0,2022-01-02 19:20:00.000
VD-46-0090-300-01,3000900130083U,0,1,0.0,0.00000,S,0,0.0,0,2022-01-02 19:20:00.000
VD-46-0090-300-01,3000900130083U,0,1,0.0,0.00000,L,0,0.0,0,2022-01-02 19:20:00.000
VD-46-0090-300-01,3000900130083U,0,1,0.0,0.00000,T,0,0.0,0,2022-01-02 19:20:00.000
VD-46-0090-300-01,3000900130083U,1,1,0.0,0.00000,M,0,0.0,0,2022-01-02 19:20:00.000
VD-46-0090-300-01,3000900130083U,1,1,0.0,0.00000,S,0,0.0,0,2022-01-02 19:20:00.000
VD-46-0090-300-01,3000900130083U,1,1,0.0,0.00000,L,0,0.0,0,2022-01-02 19:20:00.000
VD-46-0090-300-01,3000900130083U,1,1,0.0,0.00000,T,0,0.0,0,2022-01-02 19:20:00.000
VD-46-0090-300-01,3000900130083U,2,1,0.0,0.00000,M,0,0.0,0,2022-01-02 19:20:00.000
VD-46-0090-300-01,3000900130083U,2,1,0.0,0.00000,S,0,0.0,0,2022-01-02 19:20:00.000
VD-46-0090-300-01,3000900130083U,2,1,0.0,0.00000,L,0,0.0,0,2022-01-02 19:20:00.000
VD-46-0090-300-01,3000900130083U,2,1,0.0,0.00000,T,0,0.0,0,2022-01-02 19:20:00.000
VD-46-0090-300-01,3000900030074U,0,1,0.0,0.00000,M,0,0.0,0,2022-01-02 19:20:00.000
VD-46-0090-300-01,3000900030074U,0,1,0.0,0.00000,S,0,0.0,0,2022-01-02 19:20:00.000
VD-46-0090-300-01,3000900030074U,0,1,0.0,0.00000,L,0,0.0,0,2022-01-02 19:20:00.000
VD-46-0090-300-01,3000900030074U,0,1,0.0,0.00000,T,0,0.0,0,2022-01-02 19:20:00.000
VD-46-0090-300-01,3000900030074U,1,1,65.0,0.00000,M,0,0.0,0,2022-01-02 19:20:00.000
VD-46-0090-300-01,3000900030074U,1,1,65.0,0.00000,S,1,65.0,0,2022-01-02 19:20:00.000
VD-46-0090-300-01,3000900030074U,1,1,65.0,0.00000,L,0,0.0,0,2022-01-02 19:20:00.000
VD-46-0090-300-01,3000900030074U,1,1,65.0,0.00000,T,0,0.0,0,2022-01-02 19:20:00.000
VD-43-009C-008-01,3000930100887U,0,1,38.0,1.00000,M,0,0.0,0,2022-01-02 19:20:00.000
VD-43-009C-008-01,3000930100887U,0,1,38.0,1.00000,S,2,38.0,0,2022-01-02 19:20:00.000
VD-43-009C-008-01,3000930100887U,0,1,38.0,1.00000,L,0,0.0,0,2022-01-02 19:20:00.000
VD-43-009C-008-01,3000930100887U,0,1,38.0,1.00000,T,0,0.0,0,2022-01-02 19:20:00.000
VD-43-009C-008-01,3000930000887U,0,1,54.0,2.00000,M,0,0.0,0,2022-01-02 19:20:00.000
VD-43-009C-008-01,3000930000887U,0,1,54.0,2.00000,S,4,54.0,0,2022-01-02 19:20:00.000
VD-43-009C-008-01,3000930000887U,0,1,54.0,2.00000,L,0,0.0,0,2022-01-02 19:20:00.000
VD-43-009C-008-01,3000930000887U,0,1,54.0,2.00000,T,0,0.0,0,2022-01-02 19:20:00.000
VD-43-009C-013-01,3000930001307U,0,1,32.0,1.00000,M,0,0.0,0,2022-01-02 19:20:00.000
VD-43-009C-013-01,3000930001307U,0,1,32.0,1.00000,S,1,32.0,0,2022-01-02 19:20:00.000
VD-43-009C-013-01,3000930001307U,0,1,32.0,1.00000,L,0,0.0,0,2022-01-02 19:20:00.000
VD-43-009C-013-01,3000930001307U,0,1,32.0,1.00000,T,0,0.0,0,2022-01-02 19:20:00.000
VD-43-009C-013-01,3000930101307U,0,1,0.0,0.00000,M,0,0.0,0,2022-01-02 19:20:00.000
VD-43-009C-013-01,3000930101307U,0,1,0.0,0.00000,S,0,0.0,0,2022-01-02 19:20:00.000
VD-43-009C-013-01,3000930101307U,0,1,0.0,0.00000,L,0,0.0,0,2022-01-02 19:20:00.000
VD-43-009C-013-01,3000930101307U,0,1,0.0,0.00000,T,0,0.0,0,2022-01-02 19:20:00.000
VD-43-009C-017-01,3000930101705U,0,1,0.0,0.00000,M,0,0.0,0,2022-01-02 19:20:00.000
VD-43-009C-017-01,3000930101705U,0,1,0.0,0.00000,S,0,0.0,0,2022-01-02 19:20:00.000
VD-43-009C-017-01,3000930101705U,0,1,0.0,0.00000,L,0,0.0,0,2022-01-02 19:20:00.000
VD-43-009C-017-01,3000930101705U,0,1,0.0,0.00000,T,0,0.0,0,2022-01-02 19:20:00.000
VD-43-009C-022-01,3000930002245U,0,1,0.0,0.00000,M,0,0.0,0,2022-01-02 19:20:00.000
VD-43-009C-022-01,3000930002245U,0,1,0.0,0.00000,S,0,0.0,0,2022-01-02 19:20:00.000
VD-43-009C-022-01,3000930002245U,0,1,0.0,0.00000,L,0,0.0,0,2022-01-02 19:20:00.000
VD-43-009C-022-01,3000930002245U,0,1,0.0,0.00000,T,0,0.0,0,2022-01-02 19:20:00.000
VD-43-009C-022-01,3000930102245U,0,1,54.0,1.00000,M,0,0.0,0,2022-01-02 19:20:00.000
VD-43-009C-022-01,3000930102245U,0,1,54.0,1.00000,S,1,54.0,0,2022-01-02 19:20:00.000
VD-43-009C-022-01,3000930102245U,0,1,54.0,1.00000,L,0,0.0,0,2022-01-02 19:20:00.000
VD-43-009C-022-01,3000930102245U,0,1,54.0,1.00000,T,0,0.0,0,2022-01-02 19:20:00.000
VD-42-009D-067-01,3000940006650U,0,1,0.0,0.00000,M,0,0.0,0,2022-01-02 19:20:00.000
VD-42-009D-067-01,3000940006650U,0,1,0.0,0.00000,S,0,0.0,0,2022-01-02 19:20:00.000
VD-42-009D-067-01,3000940006650U,0,1,0.0,0.00000,L,0,0.0,0,2022-01-02 19:20:00.000
VD-42-009D-067-01,3000940006650U,0,1,0.0,0.00000,T,0,0.0,0,2022-01-02 19:20:00.000
VD-42-009D-067-01,3000940106650U,0,1,0.0,0.00000,M,0,0.0,0,2022-01-02 19:20:00.000
VD-42-009D-067-01,3000940106650U,0,1,0.0,0.00000,S,0,0.0,0,2022-01-02 19:20:00.000
VD-42-009D-067-01,3000940106650U,0,1,0.0,0.00000,L,0,0.0,0,2022-01-02 19:20:00.000
VD-42-009D-067-01,3000940106650U,0,1,0.0,0.00000,T,0,0.0,0,2022-01-02 19:20:00.000
VD-42-009D-063-01,3000940006329U,0,1,0.0,0.00000,M,0,0.0,0,2022-01-02 19:20:00.000
VD-42-009D-063-01,3000940006329U,0,1,0.0,0.00000,S,0,0.0,0,2022-01-02 19:20:00.000
VD-42-009D-063-01,3000940006329U,0,1,0.0,0.00000,L,0,0.0,0,2022-01-02 19:20:00.000
VD-42-009D-063-01,3000940006329U,0,1,0.0,0.00000,T,0,0.0,0,2022-01-02 19:20:00.000
VD-42-009D-063-01,3000940006329U,1,1,0.0,0.00000,M,0,0.0,0,2022-01-02 19:20:00.000
VD-42-009D-063-01,3000940006329U,1,1,0.0,0.00000,S,0,0.0,0,2022-01-02 19:20:00.000
VD-42-009D-063-01,3000940006329U,1,1,0.0,0.00000,L,0,0.0,0,2022-01-02 19:20:00.000
VD-42-009D-063-01,3000940006329U,1,1,0.0,0.00000,T,0,0.0,0,2022-01-02 19:20:00.000
VD-42-009D-063-01,3000940106329U,0,1,0.0,0.00000,M,0,0.0,0,2022-01-02 19:20:00.000
VD-42-009D-063-01,3000940106329U,0,1,0.0,0.00000,S,0,0.0,0,2022-01-02 19:20:00.000
VD-42-009D-063-01,3000940106329U,0,1,0.0,0.00000,L,0,0.0,0,2022-01-02 19:20:00.000
VD-42-009D-063-01,3000940106329U,0,1,0.0,0.00000,T,0,0.0,0,2022-01-02 19:20:00.000
VD-42-009D-063-01,3000940106329U,1,1,0.0,0.00000,M,0,0.0,0,2022-01-02 19:20:00.000
VD-42-009D-063-01,3000940106329U,1,1,0.0,0.00000,S,0,0.0,0,2022-01-02 19:20:00.000
VD-42-009D-063-01,3000940106329U,1,1,0.0,0.00000,L,0,0.0,0,2022-01-02 19:20:00.000
VD-42-009D-063-01,3000940106329U,1,1,0.0,0.00000,T,0,0.0,0,2022-01-02 19:20:00.000
VD-42-009D-060-01,3000940105923U,0,1,0.0,0.00000,M,0,0.0,0,2022-01-02 19:20:00.000
VD-42-009D-060-01,3000940105923U,0,1,0.0,0.00000,S,0,0.0,0,2022-01-02 19:20:00.000
VD-42-009D-060-01,3000940105923U,0,1,0.0,0.00000,L,0,0.0,0,2022-01-02 19:20:00.000
VD-42-009D-060-01,3000940105923U,0,1,0.0,0.00000,T,0,0.0,0,2022-01-02 19:20:00.000
VD-42-009D-060-01,3000940005923U,0,1,0.0,0.00000,M,0,0.0,0,2022-01-02 19:20:00.000
VD-42-009D-060-01,3000940005923U,0,1,0.0,0.00000,S,0,0.0,0,2022-01-02 19:20:00.000
VD-42-009D-060-01,3000940005923U,0,1,0.0,0.00000,L,0,0.0,0,2022-01-02 19:20:00.000
VD-42-009D-060-01,3000940005923U,0,1,0.0,0.00000,T,0,0.0,0,2022-01-02 19:20:00.000
VD-42-009D-058-01,3000940005834U,0,1,0.0,0.00000,M,0,0.0,0,2022-01-02 19:20:00.000
VD-42-009D-058-01,3000940005834U,0,1,0.0,0.00000,S,0,0.0,0,2022-01-02 19:20:00.000
VD-42-009D-058-01,3000940005834U,0,1,0.0,0.00000,L,0,0.0,0,2022-01-02 19:20:00.000
VD-42-009D-058-01,3000940005834U,0,1,0.0,0.00000,T,0,0.0,0,2022-01-02 19:20:00.000
VD-42-009D-058-01,3000940005834U,1,1,59.0,13.00000,M,0,0.0,0,2022-01-02 19:20:00.000
VD-42-009D-058-01,3000940005834U,1,1,59.0,13.00000,S,7,59.0,0,2022-01-02 19:20:00.000
VD-42-009D-058-01,3000940005834U,1,1,59.0,13.00000,L,0,0.0,0,2022-01-02 19:20:00.000
VD-42-009D-058-01,3000940005834U,1,1,59.0,13.00000,T,0,0.0,0,2022-01-02 19:20:00.000
VD-42-009D-055-01,3000940105412U,0,1,53.0,1.00000,M,0,0.0,0,2022-01-02 19:20:00.000
VD-42-009D-055-01,3000940105412U,0,1,53.0,1.00000,S,3,53.0,0,2022-01-02 19:20:00.000
VD-42-009D-055-01,3000940105412U,0,1,53.0,1.00000,L,0,0.0,0,2022-01-02 19:20:00.000
VD-42-009D-055-01,3000940105412U,0,1,53.0,1.00000,T,0,0.0,0,2022-01-02 19:20:00.000
VD-42-009D-055-01,3000940105412U,1,1,58.0,3.00000,M,0,0.0,0,2022-01-02 19:20:00.000
VD-42-009D-055-01,3000940105412U,1,1,58.0,3.00000,S,8,58.0,0,2022-01-02 19:20:00.000
VD-42-009D-055-01,3000940105412U,1,1,58.0,3.00000,L,0,0.0,0,2022-01-02 19:20:00.000
VD-42-009D-055-01,3000940105412U,1,1,58.0,3.00000,T,0,0.0,0,2022-01-02 19:20:00.000
VD-42-009D-051-01,3000940105021G,0,1,0.0,0.00000,M,0,0.0,0,2022-01-02 19:20:00.000
VD-42-009D-051-01,3000940105021G,0,1,0.0,0.00000,S,0,0.0,0,2022-01-02 19:20:00.000
VD-42-009D-051-01,3000940105021G,0,1,0.0,0.00000,L,0,0.0,0,2022-01-02 19:20:00.000
VD-42-009D-051-01,3000940105021G,0,1,0.0,0.00000,T,0,0.0,0,2022-01-02 19:20:00.000
VD-42-009D-051-01,3000940005021G,0,1,0.0,0.00000,M,0,0.0,0,2022-01-02 19:20:00.000
VD-42-009D-051-01,3000940005021G,0,1,0.0,0.00000,S,0,0.0,0,2022-01-02 19:20:00.000
VD-42-009D-051-01,3000940005021G,0,1,0.0,0.00000,L,0,0.0,0,2022-01-02 19:20:00.000
VD-42-009D-051-01,3000940005021G,0,1,0.0,0.00000,T,0,0.0,0,2022-01-02 19:20:00.000
VD-42-009D-047-01,3000940104635G,0,1,0.0,0.00000,M,0,0.0,0,2022-01-02 19:20:00.000
VD-42-009D-047-01,3000940104635G,0,1,0.0,0.00000,S,0,0.0,0,2022-01-02 19:20:00.000
VD-42-009D-047-01,3000940104635G,0,1,0.0,0.00000,L,0,0.0,0,2022-01-02 19:20:00.000
VD-42-009D-047-01,3000940104635G,0,1,0.0,0.00000,T,0,0.0,0,2022-01-02 19:20:00.000
VD-42-009D-047-01,3000940004635G,0,1,0.0,0.00000,M,0,0.0,0,2022-01-02 19:20:00.000
VD-42-009D-047-01,3000940004635G,0,1,0.0,0.00000,S,0,0.0,0,2022-01-02 19:20:00.000
VD-42-009D-047-01,3000940004635G,0,1,0.0,0.00000,L,0,0.0,0,2022-01-02 19:20:00.000
VD-42-009D-047-01,3000940004635G,0,1,0.0,0.00000,T,0,0.0,0,2022-01-02 19:20:00.000
VD-42-009D-028-01,3000900012423G,0,1,0.0,0.00000,M,0,0.0,0,2022-01-02 19:20:00.000
VD-42-009D-028-01,3000900012423G,0,1,0.0,0.00000,S,0,0.0,0,2022-01-02 19:20:00.000
VD-42-009D-028-01,3000900012423G,0,1,0.0,0.00000,L,0,0.0,0,2022-01-02 19:20:00.000
VD-42-009D-028-01,3000900012423G,0,1,0.0,0.00000,T,0,0.0,0,2022-01-02 19:20:00.000
VD-42-009D-028-01,3000900012423G,1,1,0.0,0.00000,M,0,0.0,0,2022-01-02 19:20:00.000
VD-42-009D-028-01,3000900012423G,1,1,0.0,0.00000,S,0,0.0,0,2022-01-02 19:20:00.000
VD-42-009D-028-01,3000900012423G,1,1,0.0,0.00000,L,0,0.0,0,2022-01-02 19:20:00.000
VD-42-009D-028-01,3000900012423G,1,1,0.0,0.00000,T,0,0.0,0,2022-01-02 19:20:00.000
VD-42-009D-013-01,3000940001232G,0,1,0.0,0.00000,M,0,0.0,0,2022-01-02 19:20:00.000
VD-42-009D-013-01,3000940001232G,0,1,0.0,0.00000,S,0,0.0,0,2022-01-02 19:20:00.000
VD-42-009D-013-01,3000940001232G,0,1,0.0,0.00000,L,0,0.0,0,2022-01-02 19:20:00.000
VD-42-009D-013-01,3000940001232G,0,1,0.0,0.00000,T,0,0.0,0,2022-01-02 19:20:00.000
VD-42-009D-013-01,3000940101232G,0,1,0.0,0.00000,M,0,0.0,0,2022-01-02 19:20:00.000
VD-42-009D-013-01,3000940101232G,0,1,0.0,0.00000,S,0,0.0,0,2022-01-02 19:20:00.000
VD-42-009D-013-01,3000940101232G,0,1,0.0,0.00000,L,0,0.0,0,2022-01-02 19:20:00.000
VD-42-009D-013-01,3000940101232G,0,1,0.0,0.00000,T,0,0.0,0,2022-01-02 19:20:00.000
VD-42-009D-000-01,3000940000025G,0,1,0.0,0.00000,M,0,0.0,0,2022-01-02 19:20:00.000
VD-42-009D-000-01,3000940000025G,0,1,0.0,0.00000,S,0,0.0,0,2022-01-02 19:20:00.000
VD-42-009D-000-01,3000940000025G,0,1,0.0,0.00000,L,0,0.0,0,2022-01-02 19:20:00.000
VD-42-009D-000-01,3000940000025G,0,1,0.0,0.00000,T,0,0.0,0,2022-01-02 19:20:00.000
VD-42-009D-000-01,3000250100943G,0,1,45.0,5.00000,M,0,0.0,0,2022-01-02 19:20:00.000
VD-42-009D-000-01,3000250100943G,0,1,45.0,5.00000,S,8,45.0,0,2022-01-02 19:20:00.000
VD-42-009D-000-01,3000250100943G,0,1,45.0,5.00000,L,0,0.0,0,2022-01-02 19:20:00.000
VD-42-009D-000-01,3000250100943G,0,1,45.0,5.00000,T,0,0.0,0,2022-01-02 19:20:00.000
VD-42-009D-002-01,3000940000198G,0,1,43.0,0.00000,M,0,0.0,0,2022-01-02 19:20:00.000
VD-42-009D-002-01,3000940000198G,0,1,43.0,0.00000,S,1,43.0,0,2022-01-02 19:20:00.000
VD-42-009D-002-01,3000940000198G,0,1,43.0,0.00000,L,0,0.0,0,2022-01-02 19:20:00.000
VD-42-009D-002-01,3000940000198G,0,1,43.0,0.00000,T,0,0.0,0,2022-01-02 19:20:00.000
VD-42-009D-002-01,3000940100198G,0,1,0.0,0.00000,M,0,0.0,0,2022-01-02 19:20:00.000
VD-42-009D-002-01,3000940100198G,0,1,0.0,0.00000,S,0,0.0,0,2022-01-02 19:20:00.000
VD-42-009D-002-01,3000940100198G,0,1,0.0,0.00000,L,0,0.0,0,2022-01-02 19:20:00.000
VD-42-009D-002-01,3000940100198G,0,1,0.0,0.00000,T,0,0.0,0,2022-01-02 19:20:00.000
VD-42-009D-002-01,3000940100198G,1,1,0.0,0.00000,M,0,0.0,0,2022-01-02 19:20:00.000
VD-42-009D-002-01,3000940100198G,1,1,0.0,0.00000,S,0,0.0,0,2022-01-02 19:20:00.000
VD-42-009D-002-01,3000940100198G,1,1,0.0,0.00000,L,0,0.0,0,2022-01-02 19:20:00.000
VD-42-009D-002-01,3000940100198G,1,1,0.0,0.00000,T,0,0.0,0,2022-01-02 19:20:00.000
VD-42-009D-005-01,3000940000520G,0,1,0.0,0.00000,M,0,0.0,0,2022-01-02 19:20:00.000
VD-42-009D-005-01,3000940000520G,0,1,0.0,0.00000,S,0,0.0,0,2022-01-02 19:20:00.000
VD-42-009D-005-01,3000940000520G,0,1,0.0,0.00000,L,0,0.0,0,2022-01-02 19:20:00.000
VD-42-009D-005-01,3000940000520G,0,1,0.0,0.00000,T,0,0.0,0,2022-01-02 19:20:00.000
VD-42-009D-005-01,3000940100520G,0,1,57.0,1.00000,M,0,0.0,0,2022-01-02 19:20:00.000
VD-42-009D-005-01,3000940100520G,0,1,57.0,1.00000,S,1,57.0,0,2022-01-02 19:20:00.000
VD-42-009D-005-01,3000940100520G,0,1,57.0,1.00000,L,0,0.0,0,2022-01-02 19:20:00.000
VD-42-009D-005-01,3000940100520G,0,1,57.0,1.00000,T,0,0.0,0,2022-01-02 19:20:00.000
VD-42-009D-007-01,3000940100723G,0,1,0.0,0.00000,M,0,0.0,0,2022-01-02 19:20:00.000
VD-42-009D-007-01,3000940100723G,0,1,0.0,0.00000,S,0,0.0,0,2022-01-02 19:20:00.000
VD-42-009D-007-01,3000940100723G,0,1,0.0,0.00000,L,0,0.0,0,2022-01-02 19:20:00.000
VD-42-009D-007-01,3000940100723G,0,1,0.0,0.00000,T,0,0.0,0,2022-01-02 19:20:00.000
VD-42-009D-007-01,3000940000723G,0,1,0.0,0.00000,M,0,0.0,0,2022-01-02 19:20:00.000
VD-42-009D-007-01,3000940000723G,0,1,0.0,0.00000,S,0,0.0,0,2022-01-02 19:20:00.000
VD-42-009D-007-01,3000940000723G,0,1,0.0,0.00000,L,0,0.0,0,2022-01-02 19:20:00.000
VD-42-009D-007-01,3000940000723G,0,1,0.0,0.00000,T,0,0.0,0,2022-01-02 19:20:00.000
VD-42-009D-017-01,3000940101716G,0,1,0.0,0.00000,M,0,0.0,0,2022-01-02 19:20:00.000
VD-42-009D-017-01,3000940101716G,0,1,0.0,0.00000,S,0,0.0,0,2022-01-02 19:20:00.000
VD-42-009D-017-01,3000940101716G,0,1,0.0,0.00000,L,0,0.0,0,2022-01-02 19:20:00.000
VD-42-009D-017-01,3000940101716G,0,1,0.0,0.00000,T,0,0.0,0,2022-01-02 19:20:00.000
VD-42-009D-017-01,3000940001716G,0,1,0.0,0.00000,M,0,0.0,0,2022-01-02 19:20:00.000
VD-42-009D-017-01,3000940001716G,0,1,0.0,0.00000,S,0,0.0,0,2022-01-02 19:20:00.000
VD-42-009D-017-01,3000940001716G,0,1,0.0,0.00000,L,0,0.0,0,2022-01-02 19:20:00.000
VD-42-009D-017-01,3000940001716G,0,1,0.0,0.00000,T,0,0.0,0,2022-01-02 19:20:00.000
VD-42-009D-029-01,3000940002867G,0,1,38.0,0.00000,M,0,0.0,0,2022-01-02 19:20:00.000
VD-42-009D-029-01,3000940002867G,0,1,38.0,0.00000,S,1,38.0,0,2022-01-02 19:20:00.000
VD-42-009D-029-01,3000940002867G,0,1,38.0,0.00000,L,0,0.0,0,2022-01-02 19:20:00.000
VD-42-009D-029-01,3000940002867G,0,1,38.0,0.00000,T,0,0.0,0,2022-01-02 19:20:00.000
VD-42-009D-029-01,3000940102867G,0,1,61.0,1.00000,M,0,0.0,0,2022-01-02 19:20:00.000
VD-42-009D-029-01,3000940102867G,0,1,61.0,1.00000,S,2,62.0,0,2022-01-02 19:20:00.000
VD-42-009D-029-01,3000940102867G,0,1,61.0,1.00000,L,0,0.0,0,2022-01-02 19:20:00.000
VD-42-009D-029-01,3000940102867G,0,1,61.0,1.00000,T,0,0.0,0,2022-01-02 19:20:00.000
VD-42-009D-031-01,3000940103171G,0,1,0.0,0.00000,M,0,0.0,0,2022-01-02 19:20:00.000
VD-42-009D-031-01,3000940103171G,0,1,0.0,0.00000,S,0,0.0,0,2022-01-02 19:20:00.000
VD-42-009D-031-01,3000940103171G,0,1,0.0,0.00000,L,0,0.0,0,2022-01-02 19:20:00.000
VD-42-009D-031-01,3000940103171G,0,1,0.0,0.00000,T,0,0.0,0,2022-01-02 19:20:00.000
VD-42-009D-031-01,3000940003171G,0,1,0.0,0.00000,M,0,0.0,0,2022-01-02 19:20:00.000
VD-42-009D-031-01,3000940003171G,0,1,0.0,0.00000,S,0,0.0,0,2022-01-02 19:20:00.000
VD-42-009D-031-01,3000940003171G,0,1,0.0,0.00000,L,0,0.0,0,2022-01-02 19:20:00.000
VD-42-009D-031-01,3000940003171G,0,1,0.0,0.00000,T,0,0.0,0,2022-01-02 19:20:00.000
VD-43-0110-067-02,3001100006612U,0,1,0.0,0.00000,M,0,0.0,0,2022-01-02 19:20:00.000
VD-43-0110-067-02,3001100006612U,0,1,0.0,0.00000,S,0,0.0,0,2022-01-02 19:20:00.000
VD-43-0110-067-02,3001100006612U,0,1,0.0,0.00000,L,0,0.0,0,2022-01-02 19:20:00.000
VD-43-0110-067-02,3001100006612U,0,1,0.0,0.00000,T,0,0.0,0,2022-01-02 19:20:00.000
VD-43-0110-067-02,3001100106612U,0,1,0.0,0.00000,M,0,0.0,0,2022-01-02 19:20:00.000
VD-43-0110-067-02,3001100106612U,0,1,0.0,0.00000,S,0,0.0,0,2022-01-02 19:20:00.000
VD-43-0110-067-02,3001100106612U,0,1,0.0,0.00000,L,0,0.0,0,2022-01-02 19:20:00.000
VD-43-0110-067-02,3001100106612U,0,1,0.0,0.00000,T,0,0.0,0,2022-01-02 19:20:00.000
VD-43-0110-012-01,3001100101212U,0,1,72.0,2.00000,M,0,0.0,0,2022-01-02 19:20:00.000
VD-43-0110-012-01,3001100101212U,0,1,72.0,2.00000,S,3,72.0,0,2022-01-02 19:20:00.000
VD-43-0110-012-01,3001100101212U,0,1,72.0,2.00000,L,1,72.0,0,2022-01-02 19:20:00.000
VD-43-0110-012-01,3001100101212U,0,1,72.0,2.00000,T,0,0.0,0,2022-01-02 19:20:00.000
VD-43-0110-012-01,3001100001212U,0,1,74.0,1.00000,M,0,0.0,0,2022-01-02 19:20:00.000
VD-43-0110-012-01,3001100001212U,0,1,74.0,1.00000,S,2,74.0,0,2022-01-02 19:20:00.000
VD-43-0110-012-01,3001100001212U,0,1,74.0,1.00000,L,0,0.0,0,2022-01-02 19:20:00.000
VD-43-0110-012-01,3001100001212U,0,1,74.0,1.00000,T,0,0.0,0,2022-01-02 19:20:00.000
VD-43-0110-006-01,3001100100534U,0,1,59.0,1.00000,M,0,0.0,0,2022-01-02 19:20:00.000
VD-43-0110-006-01,3001100100534U,0,1,59.0,1.00000,S,3,59.0,0,2022-01-02 19:20:00.000
VD-43-0110-006-01,3001100100534U,0,1,59.0,1.00000,L,0,0.0,0,2022-01-02 19:20:00.000
VD-43-0110-006-01,3001100100534U,0,1,59.0,1.00000,T,0,0.0,0,2022-01-02 19:20:00.000
VD-43-0110-006-01,3001100100534U,1,1,0.0,0.00000,M,0,0.0,0,2022-01-02 19:20:00.000
VD-43-0110-006-01,3001100100534U,1,1,0.0,0.00000,S,0,0.0,0,2022-01-02 19:20:00.000
VD-43-0110-006-01,3001100100534U,1,1,0.0,0.00000,L,0,0.0,0,2022-01-02 19:20:00.000
VD-43-0110-006-01,3001100100534U,1,1,0.0,0.00000,T,0,0.0,0,2022-01-02 19:20:00.000
VD-43-0110-006-01,3001100000534U,0,1,56.0,1.00000,M,0,0.0,0,2022-01-02 19:20:00.000
VD-43-0110-006-01,3001100000534U,0,1,56.0,1.00000,S,1,56.0,0,2022-01-02 19:20:00.000
VD-43-0110-006-01,3001100000534U,0,1,56.0,1.00000,L,0,0.0,0,2022-01-02 19:20:00.000
VD-43-0110-006-01,3001100000534U,0,1,56.0,1.00000,T,0,0.0,0,2022-01-02 19:20:00.000
VD-43-0110-006-01,3001100000534U,1,1,0.0,1.00000,M,0,0.0,0,2022-01-02 19:20:00.000
VD-43-0110-006-01,3001100000534U,1,1,0.0,1.00000,S,0,0.0,0,2022-01-02 19:20:00.000
VD-43-0110-006-01,3001100000534U,1,1,0.0,1.00000,L,1,0.0,0,2022-01-02 19:20:00.000
VD-43-0110-006-01,3001100000534U,1,1,0.0,1.00000,T,0,0.0,0,2022-01-02 19:20:00.000
VD-43-0110-008-01,3001100100912U,0,1,49.0,1.00000,M,0,0.0,0,2022-01-02 19:20:00.000
VD-43-0110-008-01,3001100100912U,0,1,49.0,1.00000,S,3,49.0,0,2022-01-02 19:20:00.000
VD-43-0110-008-01,3001100100912U,0,1,49.0,1.00000,L,0,0.0,0,2022-01-02 19:20:00.000
VD-43-0110-008-01,3001100100912U,0,1,49.0,1.00000,T,0,0.0,0,2022-01-02 19:20:00.000
VD-43-0110-008-01,3001100100912U,1,1,51.0,1.00000,M,0,0.0,0,2022-01-02 19:20:00.000
VD-43-0110-008-01,3001100100912U,1,1,51.0,1.00000,S,2,51.0,0,2022-01-02 19:20:00.000
VD-43-0110-008-01,3001100100912U,1,1,51.0,1.00000,L,0,0.0,0,2022-01-02 19:20:00.000
VD-43-0110-008-01,3001100100912U,1,1,51.0,1.00000,T,0,0.0,0,2022-01-02 19:20:00.000
VD-43-0110-008-01,3001100000912U,0,1,0.0,0.00000,M,0,0.0,0,2022-01-02 19:20:00.000
VD-43-0110-008-01,3001100000912U,0,1,0.0,0.00000,S,0,0.0,0,2022-01-02 19:20:00.000
VD-43-0110-008-01,3001100000912U,0,1,0.0,0.00000,L,0,0.0,0,2022-01-02 19:20:00.000
VD-43-0110-008-01,3001100000912U,0,1,0.0,0.00000,T,0,0.0,0,2022-01-02 19:20:00.000
VD-43-0110-008-01,3001100000912U,1,1,54.0,1.00000,M,0,0.0,0,2022-01-02 19:20:00.000
VD-43-0110-008-01,3001100000912U,1,1,54.0,1.00000,S,2,54.0,0,2022-01-02 19:20:00.000
VD-43-0110-008-01,3001100000912U,1,1,54.0,1.00000,L,0,0.0,0,2022-01-02 19:20:00.000
VD-43-0110-008-01,3001100000912U,1,1,54.0,1.00000,T,0,0.0,0,2022-01-02 19:20:00.000
VD-43-0110-023-01,3001100002318U,0,1,0.0,0.00000,M,0,0.0,3,2022-01-02 19:20:00.000
VD-43-0110-023-01,3001100002318U,0,1,0.0,0.00000,S,0,0.0,3,2022-01-02 19:20:00.000
VD-43-0110-023-01,3001100002318U,0,1,0.0,0.00000,L,0,0.0,3,2022-01-02 19:20:00.000
VD-43-0110-023-01,3001100002318U,0,1,0.0,0.00000,T,0,0.0,3,2022-01-02 19:20:00.000
VD-43-0110-023-01,3001100102318U,0,1,0.0,0.00000,M,0,0.0,3,2022-01-02 19:20:00.000
VD-43-0110-023-01,3001100102318U,0,1,0.0,0.00000,S,0,0.0,3,2022-01-02 19:20:00.000
VD-43-0110-023-01,3001100102318U,0,1,0.0,0.00000,L,0,0.0,3,2022-01-02 19:20:00.000
VD-43-0110-023-01,3001100102318U,0,1,0.0,0.00000,T,0,0.0,3,2022-01-02 19:20:00.000
VD-43-0110-037-01,3001100103593U,0,1,56.0,0.00000,M,0,0.0,0,2022-01-02 19:20:00.000
VD-43-0110-037-01,3001100103593U,0,1,56.0,0.00000,S,2,56.0,0,2022-01-02 19:20:00.000
VD-43-0110-037-01,3001100103593U,0,1,56.0,0.00000,L,0,0.0,0,2022-01-02 19:20:00.000
VD-43-0110-037-01,3001100103593U,0,1,56.0,0.00000,T,0,0.0,0,2022-01-02 19:20:00.000
VD-43-0110-037-01,3001100003593U,0,1,0.0,0.00000,M,0,0.0,0,2022-01-02 19:20:00.000
VD-43-0110-037-01,3001100003593U,0,1,0.0,0.00000,S,0,0.0,0,2022-01-02 19:20:00.000
VD-43-0110-037-01,3001100003593U,0,1,0.0,0.00000,L,0,0.0,0,2022-01-02 19:20:00.000
VD-43-0110-037-01,3001100003593U,0,1,0.0,0.00000,T,0,0.0,0,2022-01-02 19:20:00.000
VD-43-0110-041-01,3001100104082U,0,1,56.0,0.00000,M,0,0.0,0,2022-01-02 19:20:00.000
VD-43-0110-041-01,3001100104082U,0,1,56.0,0.00000,S,1,56.0,0,2022-01-02 19:20:00.000
VD-43-0110-041-01,3001100104082U,0,1,56.0,0.00000,L,0,0.0,0,2022-01-02 19:20:00.000
VD-43-0110-041-01,3001100104082U,0,1,56.0,0.00000,T,0,0.0,0,2022-01-02 19:20:00.000
VD-43-0110-041-01,3001100004082U,0,1,57.0,3.00000,M,0,0.0,0,2022-01-02 19:20:00.000
VD-43-0110-041-01,3001100004082U,0,1,57.0,3.00000,S,7,56.0,0,2022-01-02 19:20:00.000
VD-43-0110-041-01,3001100004082U,0,1,57.0,3.00000,L,0,0.0,0,2022-01-02 19:20:00.000
VD-43-0110-041-01,3001100004082U,0,1,57.0,3.00000,T,0,0.0,0,2022-01-02 19:20:00.000
VD-43-0110-049-01,3001100104958U,0,1,53.0,1.00000,M,0,0.0,0,2022-01-02 19:20:00.000
VD-43-0110-049-01,3001100104958U,0,1,53.0,1.00000,S,1,53.0,0,2022-01-02 19:20:00.000
VD-43-0110-049-01,3001100104958U,0,1,53.0,1.00000,L,0,0.0,0,2022-01-02 19:20:00.000
VD-43-0110-049-01,3001100104958U,0,1,53.0,1.00000,T,0,0.0,0,2022-01-02 19:20:00.000
VD-43-0110-049-01,3001100004786U,0,1,35.0,1.00000,M,0,0.0,0,2022-01-02 19:20:00.000
VD-43-0110-049-01,3001100004786U,0,1,35.0,1.00000,S,1,35.0,0,2022-01-02 19:20:00.000
VD-43-0110-049-01,3001100004786U,0,1,35.0,1.00000,L,0,0.0,0,2022-01-02 19:20:00.000
VD-43-0110-049-01,3001100004786U,0,1,35.0,1.00000,T,0,0.0,0,2022-01-02 19:20:00.000
VD-43-0110-062-01,3001100006111U,0,1,59.0,0.00000,M,0,0.0,0,2022-01-02 19:20:00.000
VD-43-0110-062-01,3001100006111U,0,1,59.0,0.00000,S,2,60.0,0,2022-01-02 19:20:00.000
VD-43-0110-062-01,3001100006111U,0,1,59.0,0.00000,L,0,0.0,0,2022-01-02 19:20:00.000
VD-43-0110-062-01,3001100006111U,0,1,59.0,0.00000,T,0,0.0,0,2022-01-02 19:20:00.000
VD-43-0110-062-01,3001100106111U,0,1,32.0,1.00000,M,0,0.0,0,2022-01-02 19:20:00.000
VD-43-0110-062-01,3001100106111U,0,1,32.0,1.00000,S,2,31.0,0,2022-01-02 19:20:00.000
VD-43-0110-062-01,3001100106111U,0,1,32.0,1.00000,L,0,0.0,0,2022-01-02 19:20:00.000
VD-43-0110-062-01,3001100106111U,0,1,32.0,1.00000,T,0,0.0,0,2022-01-02 19:20:00.000
VD-43-0110-067-01,3001100006612U,0,1,0.0,0.00000,M,0,0.0,0,2022-01-02 19:20:00.000
VD-43-0110-067-01,3001100006612U,0,1,0.0,0.00000,S,0,0.0,0,2022-01-02 19:20:00.000
VD-43-0110-067-01,3001100006612U,0,1,0.0,0.00000,L,0,0.0,0,2022-01-02 19:20:00.000
VD-43-0110-067-01,3001100006612U,0,1,0.0,0.00000,T,0,0.0,0,2022-01-02 19:20:00.000
VD-43-0110-067-01,3001100106612U,0,1,0.0,0.00000,M,0,0.0,0,2022-01-02 19:20:00.000
VD-43-0110-067-01,3001100106612U,0,1,0.0,0.00000,S,0,0.0,0,2022-01-02 19:20:00.000
VD-43-0110-067-01,3001100106612U,0,1,0.0,0.00000,L,0,0.0,0,2022-01-02 19:20:00.000
VD-43-0110-067-01,3001100106612U,0,1,0.0,0.00000,T,0,0.0,0,2022-01-02 19:20:00.000
VD-43-011A-019-01,3001110101799U,0,1,-99.0,-99.00000,M,-99,-99.0,0,2022-01-02 19:20:00.000
VD-43-011A-019-01,3001110101799U,0,1,-99.0,-99.00000,S,-99,-99.0,0,2022-01-02 19:20:00.000
VD-43-011A-019-01,3001110101799U,0,1,-99.0,-99.00000,L,-99,-99.0,0,2022-01-02 19:20:00.000
VD-43-011A-019-01,3001110101799U,0,1,-99.0,-99.00000,T,-99,-99.0,0,2022-01-02 19:20:00.000
VD-43-011A-019-01,3001110001799U,0,1,-99.0,-99.00000,M,-99,-99.0,0,2022-01-02 19:20:00.000
VD-43-011A-019-01,3001110001799U,0,1,-99.0,-99.00000,S,-99,-99.0,0,2022-01-02 19:20:00.000
VD-43-011A-019-01,3001110001799U,0,1,-99.0,-99.00000,L,-99,-99.0,0,2022-01-02 19:20:00.000
VD-43-011A-019-01,3001110001799U,0,1,-99.0,-99.00000,T,-99,-99.0,0,2022-01-02 19:20:00.000
VD-43-011A-003-01,3001110000343U,0,1,0.0,0.00000,M,0,0.0,0,2022-01-02 19:20:00.000
VD-43-011A-003-01,3001110000343U,0,1,0.0,0.00000,S,0,0.0,0,2022-01-02 19:20:00.000
VD-43-011A-003-01,3001110000343U,0,1,0.0,0.00000,L,0,0.0,0,2022-01-02 19:20:00.000
VD-43-011A-003-01,3001110000343U,0,1,0.0,0.00000,T,0,0.0,0,2022-01-02 19:20:00.000
VD-43-011A-003-01,3001110100343U,0,1,0.0,0.00000,M,0,0.0,0,2022-01-02 19:20:00.000
VD-43-011A-003-01,3001110100343U,0,1,0.0,0.00000,S,0,0.0,0,2022-01-02 19:20:00.000
VD-43-011A-003-01,3001110100343U,0,1,0.0,0.00000,L,0,0.0,0,2022-01-02 19:20:00.000
VD-43-011A-003-01,3001110100343U,0,1,0.0,0.00000,T,0,0.0,0,2022-01-02 19:20:00.000
VD-43-011C-000-01,3001130100002U,0,1,0.0,0.00000,M,0,0.0,0,2022-01-02 19:20:00.000
VD-43-011C-000-01,3001130100002U,0,1,0.0,0.00000,S,0,0.0,0,2022-01-02 19:20:00.000
VD-43-011C-000-01,3001130100002U,0,1,0.0,0.00000,L,0,0.0,0,2022-01-02 19:20:00.000
VD-43-011C-000-01,3001130100002U,0,1,0.0,0.00000,T,0,0.0,0,2022-01-02 19:20:00.000
VD-43-011C-000-01,3001130100002U,1,1,69.0,1.00000,M,0,0.0,0,2022-01-02 19:20:00.000
VD-43-011C-000-01,3001130100002U,1,1,69.0,1.00000,S,2,69.0,0,2022-01-02 19:20:00.000
VD-43-011C-000-01,3001130100002U,1,1,69.0,1.00000,L,0,0.0,0,2022-01-02 19:20:00.000
VD-43-011C-000-01,3001130100002U,1,1,69.0,1.00000,T,0,0.0,0,2022-01-02 19:20:00.000
VD-43-011C-000-01,3001130000002U,0,1,77.0,1.00000,M,0,0.0,0,2022-01-02 19:20:00.000
VD-43-011C-000-01,3001130000002U,0,1,77.0,1.00000,S,2,77.0,0,2022-01-02 19:20:00.000
VD-43-011C-000-01,3001130000002U,0,1,77.0,1.00000,L,0,0.0,0,2022-01-02 19:20:00.000
VD-43-011C-000-01,3001130000002U,0,1,77.0,1.00000,T,0,0.0,0,2022-01-02 19:20:00.000
VD-43-011C-000-01,3001130000002U,1,1,69.0,1.00000,M,0,0.0,0,2022-01-02 19:20:00.000
VD-43-011C-000-01,3001130000002U,1,1,69.0,1.00000,S,2,69.0,0,2022-01-02 19:20:00.000
VD-43-011C-000-01,3001130000002U,1,1,69.0,1.00000,L,0,0.0,0,2022-01-02 19:20:00.000
VD-43-011C-000-01,3001130000002U,1,1,69.0,1.00000,T,0,0.0,0,2022-01-02 19:20:00.000
VD-43-011C-018-01,3001130001733U,0,1,48.0,1.00000,M,0,0.0,0,2022-01-02 19:20:00.000
VD-43-011C-018-01,3001130001733U,0,1,48.0,1.00000,S,2,48.0,0,2022-01-02 19:20:00.000
VD-43-011C-018-01,3001130001733U,0,1,48.0,1.00000,L,0,0.0,0,2022-01-02 19:20:00.000
VD-43-011C-018-01,3001130001733U,0,1,48.0,1.00000,T,0,0.0,0,2022-01-02 19:20:00.000
VD-43-011C-018-01,3001130001733U,1,1,53.0,0.00000,M,0,0.0,0,2022-01-02 19:20:00.000
VD-43-011C-018-01,3001130001733U,1,1,53.0,0.00000,S,1,53.0,0,2022-01-02 19:20:00.000
VD-43-011C-018-01,3001130001733U,1,1,53.0,0.00000,L,0,0.0,0,2022-01-02 19:20:00.000
VD-43-011C-018-01,3001130001733U,1,1,53.0,0.00000,T,0,0.0,0,2022-01-02 19:20:00.000
VD-43-011C-018-01,3001130101735U,0,1,83.0,0.00000,M,0,0.0,0,2022-01-02 19:20:00.000
VD-43-011C-018-01,3001130101735U,0,1,83.0,0.00000,S,1,83.0,0,2022-01-02 19:20:00.000
VD-43-011C-018-01,3001130101735U,0,1,83.0,0.00000,L,0,0.0,0,2022-01-02 19:20:00.000
VD-43-011C-018-01,3001130101735U,0,1,83.0,0.00000,T,0,0.0,0,2022-01-02 19:20:00.000
VD-43-011C-018-01,3001130101735U,1,1,78.0,1.00000,M,0,0.0,0,2022-01-02 19:20:00.000
VD-43-011C-018-01,3001130101735U,1,1,78.0,1.00000,S,2,78.0,0,2022-01-02 19:20:00.000
VD-43-011C-018-01,3001130101735U,1,1,78.0,1.00000,L,0,0.0,0,2022-01-02 19:20:00.000
VD-43-011C-018-01,3001130101735U,1,1,78.0,1.00000,T,0,0.0,0,2022-01-02 19:20:00.000
VD-46-0230-000-01,3002300100015U,0,1,45.0,1.00000,M,0,0.0,0,2022-01-02 19:20:00.000
VD-46-0230-000-01,3002300100015U,0,1,45.0,1.00000,S,1,45.0,0,2022-01-02 19:20:00.000
VD-46-0230-000-01,3002300100015U,0,1,45.0,1.00000,L,0,0.0,0,2022-01-02 19:20:00.000
VD-46-0230-000-01,3002300100015U,0,1,45.0,1.00000,T,0,0.0,0,2022-01-02 19:20:00.000
VD-46-0230-000-01,3002300000015U,0,1,41.0,1.00000,M,0,0.0,0,2022-01-02 19:20:00.000
VD-46-0230-000-01,3002300000015U,0,1,41.0,1.00000,S,1,41.0,0,2022-01-02 19:20:00.000
VD-46-0230-000-01,3002300000015U,0,1,41.0,1.00000,L,0,0.0,0,2022-01-02 19:20:00.000
VD-46-0230-000-01,3002300000015U,0,1,41.0,1.00000,T,0,0.0,0,2022-01-02 19:20:00.000
VD-46-0230-001-01,3002300100092U,0,1,0.0,0.00000,M,0,0.0,0,2022-01-02 19:20:00.000
VD-46-0230-001-01,3002300100092U,0,1,0.0,0.00000,S,0,0.0,0,2022-01-02 19:20:00.000
VD-46-0230-001-01,3002300100092U,0,1,0.0,0.00000,L,0,0.0,0,2022-01-02 19:20:00.000
VD-46-0230-001-01,3002300100092U,0,1,0.0,0.00000,T,0,0.0,0,2022-01-02 19:20:00.000
VD-46-0230-001-01,3002300000092U,0,1,0.0,0.00000,M,0,0.0,0,2022-01-02 19:20:00.000
VD-46-0230-001-01,3002300000092U,0,1,0.0,0.00000,S,0,0.0,0,2022-01-02 19:20:00.000
VD-46-0230-001-01,3002300000092U,0,1,0.0,0.00000,L,0,0.0,0,2022-01-02 19:20:00.000
VD-46-0230-001-01,3002300000092U,0,1,0.0,0.00000,T,0,0.0,0,2022-01-02 19:20:00.000
VD-46-0230-016-01,3002300101667V,0,1,0.0,0.00000,M,0,0.0,0,2022-01-02 19:20:00.000
VD-46-0230-016-01,3002300101667V,0,1,0.0,0.00000,S,0,0.0,0,2022-01-02 19:20:00.000
VD-46-0230-016-01,3002300101667V,0,1,0.0,0.00000,L,0,0.0,0,2022-01-02 19:20:00.000
VD-46-0230-016-01,3002300101667V,0,1,0.0,0.00000,T,0,0.0,0,2022-01-02 19:20:00.000
VD-46-0300-025-01,3003000002514U,0,1,0.0,0.00000,M,0,0.0,0,2022-01-02 19:20:00.000
VD-46-0300-025-01,3003000002514U,0,1,0.0,0.00000,S,0,0.0,0,2022-01-02 19:20:00.000
VD-46-0300-025-01,3003000002514U,0,1,0.0,0.00000,L,0,0.0,0,2022-01-02 19:20:00.000
VD-46-0300-025-01,3003000002514U,0,1,0.0,0.00000,T,0,0.0,0,2022-01-02 19:20:00.000
VD-46-0300-025-01,3003000102514U,0,1,57.0,0.00000,M,0,0.0,0,2022-01-02 19:20:00.000
VD-46-0300-025-01,3003000102514U,0,1,57.0,0.00000,S,1,57.0,0,2022-01-02 19:20:00.000
VD-46-0300-025-01,3003000102514U,0,1,57.0,0.00000,L,0,0.0,0,2022-01-02 19:20:00.000
VD-46-0300-025-01,3003000102514U,0,1,57.0,0.00000,T,0,0.0,0,2022-01-02 19:20:00.000
VD-46-0300-007-01,3003000100717U,0,1,0.0,0.00000,M,0,0.0,0,2022-01-02 19:20:00.000
VD-46-0300-007-01,3003000100717U,0,1,0.0,0.00000,S,0,0.0,0,2022-01-02 19:20:00.000
VD-46-0300-007-01,3003000100717U,0,1,0.0,0.00000,L,0,0.0,0,2022-01-02 19:20:00.000
VD-46-0300-007-01,3003000100717U,0,1,0.0,0.00000,T,0,0.0,0,2022-01-02 19:20:00.000
VD-46-0300-007-01,3003000000717U,0,1,0.0,0.00000,M,0,0.0,0,2022-01-02 19:20:00.000
VD-46-0300-007-01,3003000000717U,0,1,0.0,0.00000,S,0,0.0,0,2022-01-02 19:20:00.000
VD-46-0300-007-01,3003000000717U,0,1,0.0,0.00000,L,0,0.0,0,2022-01-02 19:20:00.000
VD-46-0300-007-01,3003000000717U,0,1,0.0,0.00000,T,0,0.0,0,2022-01-02 19:20:00.000
VD-46-0300-019-01,3003000101910U,0,1,49.0,2.00000,M,0,0.0,0,2022-01-02 19:20:00.000
VD-46-0300-019-01,3003000101910U,0,1,49.0,2.00000,S,2,49.0,0,2022-01-02 19:20:00.000
VD-46-0300-019-01,3003000101910U,0,1,49.0,2.00000,L,0,0.0,0,2022-01-02 19:20:00.000
VD-46-0300-019-01,3003000101910U,0,1,49.0,2.00000,T,0,0.0,0,2022-01-02 19:20:00.000
VD-46-0300-019-01,3003000001910U,0,1,53.0,2.00000,M,0,0.0,0,2022-01-02 19:20:00.000
VD-46-0300-019-01,3003000001910U,0,1,53.0,2.00000,S,3,54.0,0,2022-01-02 19:20:00.000
VD-46-0300-019-01,3003000001910U,0,1,53.0,2.00000,L,0,0.0,0,2022-01-02 19:20:00.000
VD-46-0300-019-01,3003000001910U,0,1,53.0,2.00000,T,0,0.0,0,2022-01-02 19:20:00.000
VD-46-0300-028-01,3003000002876V,0,1,0.0,0.00000,M,0,0.0,0,2022-01-02 19:20:00.000
VD-46-0300-028-01,3003000002876V,0,1,0.0,0.00000,S,0,0.0,0,2022-01-02 19:20:00.000
VD-46-0300-028-01,3003000002876V,0,1,0.0,0.00000,L,0,0.0,0,2022-01-02 19:20:00.000
VD-46-0300-028-01,3003000002876V,0,1,0.0,0.00000,T,0,0.0,0,2022-01-02 19:20:00.000
VD-46-0300-028-01,3003000102876V,0,1,0.0,0.00000,M,0,0.0,0,2022-01-02 19:20:00.000
VD-46-0300-028-01,3003000102876V,0,1,0.0,0.00000,S,0,0.0,0,2022-01-02 19:20:00.000
VD-46-0300-028-01,3003000102876V,0,1,0.0,0.00000,L,0,0.0,0,2022-01-02 19:20:00.000
VD-46-0300-028-01,3003000102876V,0,1,0.0,0.00000,T,0,0.0,0,2022-01-02 19:20:00.000
VD-42-SMW0-001-01,3000250000724G,0,1,66.0,0.00000,M,0,0.0,0,2022-01-02 19:20:00.000
VD-42-SMW0-001-01,3000250000724G,0,1,66.0,0.00000,S,1,0.0,0,2022-01-02 19:20:00.000
VD-42-SMW0-001-01,3000250000724G,0,1,66.0,0.00000,L,0,0.0,0,2022-01-02 19:20:00.000
VD-42-SMW0-001-01,3000250000724G,0,1,66.0,0.00000,T,0,0.0,0,2022-01-02 19:20:00.000
VD-42-SMW0-001-01,3000250100724G,0,1,62.0,1.00000,M,0,0.0,0,2022-01-02 19:20:00.000
VD-42-SMW0-001-01,3000250100724G,0,1,62.0,1.00000,S,2,0.0,0,2022-01-02 19:20:00.000
VD-42-SMW0-001-01,3000250100724G,0,1,62.0,1.00000,L,0,0.0,0,2022-01-02 19:20:00.000
VD-42-SMW0-001-01,3000250100724G,0,1,62.0,1.00000,T,0,0.0,0,2022-01-02 19:20:00.000
